Norm	A1	A2	A3	A4	A5	A6	A7	A8	A9	A10	A11	A12	B1	B2	B3	B4	B5	B6	B7	B8	B9	B10	B11
OTU_1	0.343	0.226	0.221	0.584	0.544	0.581	0.541	0.596	0.561	0.632	0.566	0.55	0.668	0.676	0.637	0.644	0.549	0.6	0.491	0.429	0.562	0.564	0.598
OTU_2	0.196	0.152	0.114	0.376	0.353	0.349	0.361	0.344	0.317	0.355	0.408	0.411	0.279	0.318	0.232	0.286	0.245	0.253	0.217	0.167	0.217	0.214	0.299
OTU_4	0.162	0.133	0.103	0.00739	0	0.00217	0.00777	0.00144	0.00924	0.000801	0.00509	0.000949	0.000753	0.00199	0.000751	0.0184	0.0206	0.0242	0.0568	0	0.0011	0.00108	0.038
OTU_7	0.0196	0.00117	0.00127	0.00306	0.000358	0.00046	0	0.00398	0.00238	0	0	0.00188	0.00168	0	0.0172	0.00336	0.00603	0	0.0281	0.0298	0.0431	0.0418	0.00181
OTU_8	0.0193	0.000717	0.00184	0	0.00343	0.00903	0.00295	0.000508	0.00766	0	0.00121	0.00228	0.00484	0	0	0	0.0205	0	0.00224	0.111	0.00137	0.00192	0
OTU_9	0.0165	0.00799	0.0156	0.000264	0.0101	0.00682	0.00588	0.00499	0.0103	0.000627	0.00149	0.00129	0.00255	0.000152	0.00631	0	0.0164	0.00163	0.0165	0.0247	0.0163	0.0138	0
OTU_24	0.0161	0.00235	0.00129	0	0	0	0	0	0.000214	0	0	0	0	0	0	0	0.00994	0	0	0.00161	0	0	0
OTU_6	0.0148	0.167	0.133	0	0	0	0	0.000169	0	0	0	0	0	0	0	0	0.000343	0	0	0	0	0	0
OTU_10	0.0148	0.00183	0.00228	0.00882	0.00243	0.00385	0.0039	0.00592	0.00359	0.000627	0.000131	0.00125	0.00235	0.000202	0.00128	0.0178	0.0106	0.0402	0.0101	0.0124	0.00516	0.00463	0.0221
OTU_20	0.013	0.018	0.0174	0	0.00141	0.00046	0	0	0	0	0	0	0	0	0	0	0.00137	0	0	0	0.000873	0.000418	0
OTU_15	0.0122	0.000717	0.00399	0	0.00122	0.00606	0.00115	0	0.00228	0	0.000788	0.00214	0.00223	0	0	0	0.00898	0	0	0.0476	0.00171	0.00146	0
OTU_12	0.0119	0.00724	0.0101	0	0.00813	0.00456	0.00479	0.00254	0.00721	0.000374	0.00123	0.00135	0.000666	0	0.0011	0	0.00713	0	0.00891	0.00974	0.00744	0.00742	0
OTU_16	0.0119	0.000456	0.000578	0.0019	0	0.000209	0.000459	0.00284	0.00161	0	0	0.000828	0.000203	0	0.00797	0.000463	0.00103	0	0.0107	0.0114	0.0193	0.0171	0
OTU_11	0.0114	0.000522	0.000633	0.0066	0.0021	0.00372	0.00419	0.00478	0.0023	0.000347	0.000117	0.000727	0.00104	0.000152	0.000773	0.0114	0.00713	0.0372	0.00606	0.0066	0.00342	0.00515	0.0114
OTU_39	0.00978	0.00013	0.000248	0	0.000119	0.000753	0	0	0.000134	0	0	0	0	0	0	0	0.00048	0.00163	0	0.00046	0	0.000139	0
OTU_13	0.00917	0.000391	0.0011	0.00623	0.00179	0.00305	0.00298	0.00368	0.00228	0.000307	0.000117	0.000727	0.000869	0	0.000684	0.00973	0.00432	0.0242	0.00333	0.00453	0.00239	0.00216	0.0116
OTU_49	0.00877	0	0	0	0	0.000293	0	0	0.000268	0	0	0	0	0	0	0	0	0	0	0	0	0	0
OTU_18	0.00836	0	0.00011	0	0	0.000334	0	0.00127	0.00067	0.000387	0	0	0	0	8.83E-05	0.00197	0.000411	0	0.0389	0.00414	0.00566	0.00634	0.00125
OTU_45	0.00836	0	0.000138	0	0	0	0	0.000212	0.000295	0	0	0	0	0	0	0	0.00164	0	0.000242	0	0	0	0
OTU_52	0.00627	0	0	0	0	0	0	0	0	0	0	0	0	0	0	0	0.00302	0	0	0	0	0	0
OTU_33	0.00614	0.00489	0.00589	0	0	0	0	0	0	0	0	0	0	0	0	0	0.000274	0	0	0	0	0	0
OTU_92	0.00405	0	0	0	0	0	0	0	0	0	0	0	0	0	0	0	0	0	0	0	0	0	0
OTU_54	0.00337	0	0.00022	0.000792	0	0	0.000201	0	0.000188	0	0	8.08E-05	0.000116	0	0.00011	0	0	0	0	0	0.00266	0.0015	0
OTU_106	0.00331	0	0	0	0	0	0	0	0	0	0	0	0	0	0.00011	0	0	0	0	0	0	0	0
OTU_21	0.00324	0.00111	0.00033	0	0.00231	0.00121	0.00353	0.000169	0.000911	0	0.000657	0.00172	0.000695	6.75E-05	0.000486	0	0.00576	0.00163	0.00394	0.00683	0.00562	0.00913	0
OTU_14	0.00236	0.000489	0.0027	0.00111	0.000572	0.00167	0.00169	0.00148	0.00238	0.00342	0.000452	0.000182	0.0013	0.000523	0.0209	0.00452	0.00281	0.00392	0.00327	0.00821	0.0151	0.0133	0.00251
OTU_27	0.00236	0.000326	0.000193	0.00116	0.000572	0.000502	0.000459	0.000677	0.000241	0	0	0	0.000492	0	0.000132	0.00255	0.00151	0.00522	0.00127	0.00176	0.000646	0.000627	0.00195
OTU_41	0.00229	0	0.000413	0	0.000286	0.000167	0.000229	0.000508	0.00182	0	0.000204	0	0	0	0.00119	0	0.00117	0	0	0.00307	0.00057	0.00129	0
OTU_142	0.00223	0	0	0	0	0	0	0	0	0	0	0	0	0	0	0	0	0	0	0	0	0	0
OTU_5	0.00209	0.16	0.204	0	0.00196	0	0	0	0	0	0	0	0	0	0	0	0	0	0	0	0	0	0
OTU_127	0.00196	0.000261	0.00044	0	0	0	0	0	0	0	0	0	0	0	0	0	0	0	0	0	0	0	0
OTU_84	0.00182	0	0	0	0.000787	0.000167	0.000201	0	0.000188	0	7.30E-05	0	0	0	0	0	0	0	0	0.00138	0.000152	0	0
OTU_37	0.00175	0	0	0	0.000739	0.000209	0.0014	0	0.000268	0	0	0	0	0	0.000949	0	0.00267	0	0.000242	0.0023	0.00137	0.00366	0
OTU_143	0.00175	0	0	0	0.000429	0	0	0	0	0	0	0	0	0	0	0	0	0	0	0	0	0	0
OTU_161	0.00175	0	0	0	0	0	0	0	0	0	0	0	0	0	0	0	0	0	0	0	0	0	0
OTU_19	0.00169	0.012	0.013	0	0.00162	0.00117	0.000344	0	0.00115	0	0	0.00749	0.0086	0	0.00159	0	0	0	0.00152	0.00269	0.000494	0.000662	0
OTU_168	0.00162	0	0	0	0	0	0	0	0	0	0	0	0	0	0	0	0	0	0	0	0	0	0
OTU_22	0.00155	0	0.00138	0	0.00172	0	0.00103	0.00114	0.00217	0	0	0	0	0	0.000442	0	0.00322	0	0.00952	0.011	0.00387	0.00334	0
OTU_146	0.00142	0	0	0	0.000119	0	0.000115	0	0	0	0	0	0	0	0.00011	0	0	0	0	0	0.000228	0.000174	0
OTU_29	0.00128	0.00013	0.00044	0	0.000405	0	0.000287	0.000508	0.000482	0	5.84E-05	0	0	0	0.000243	0	0.00164	0	0.00443	0.00552	0.00387	0.00279	0
OTU_82	0.00128	0	0.000138	0	0.000239	0	0.000373	0.000465	0.000241	0	5.84E-05	8.08E-05	0.000232	6.75E-05	8.83E-05	0	0	0	0	0.000921	0.00019	0.000522	0
OTU_183	0.00128	0	0	0	0	0	0	0	0	0	0	0	0	0	0.00011	0	0	0	0	0	0	0	0
OTU_192	0.00128	0	0	0	0	0	0	0	0	0	0	0	0	0	0	0	0	0	0	0	0	0	0
OTU_23	0.00121	0.0043	0.00556	0	0.000668	0.001	0.000573	0	0.00238	0	0.000161	0.000889	0.000927	0	0	0	0.00247	0	0.000242	0.0128	0.000152	0.000209	0.00209
OTU_28	0.00121	0.0149	0.00617	0.000317	0	0	0	0	0	0	0	0	0	0	0	0	0	0	0	0	0	0	0
OTU_140	0.00108	0	0.00011	0	0.000262	0	0	0	0	0	0	0	0	0	0	0	0	0	0.000303	0.000307	0.00019	0	0
OTU_100	0.00101	0	0	0	0	0	0	0	0.000482	0	5.84E-05	0	0	0	0	0	0	0	0.00212	0	0	0	0
OTU_43	0.000944	0	0.000716	0	0	0	0	0	0	0	0	0	0	0	0	0	0	0	0	0	0.00592	0.00481	0
OTU_67	0.000944	0	0	0	9.54E-05	0	0	0.000212	0.000214	0	0	0	0	0	0.00011	0	0	0	0.00242	0.00253	0	0.000522	0
OTU_104	0.000944	0	0	0	0.000787	0.00105	0	0	0	0	0.000117	0	0.000116	0	0	0	0	0	0	0.000384	0	0.000139	0
OTU_239	0.000944	0	0	0	0	0	0	0	0	0	0	0	0	0	0	0	0	0	0	0	0	0	0
OTU_203	0.000877	0	0	0	0	0	0	0	0	0	0	0	0	0	0	0	0	0	0	0	0	0.000313	0
OTU_223	0.000877	0	0	0	0	0	0	0	0.000188	0	0	0	0	0	0	0	0	0	0	0	0	0	0
OTU_101	0.000742	0	0	0	0.000501	0	0	0	0	0	0	0	0	0	8.83E-05	0	0	0	0.0023	0	0	0	0
OTU_30	0.000674	0	0.000385	0	0.000978	0	0.000229	0	0.000402	0	0	0	0	0	0	0	0	0	0	0.000691	0.00763	0.00759	0
OTU_128	0.000674	0	0	0	0	0	0.000803	0.000169	0.000161	5.34E-05	0	0	0	0	8.83E-05	0	0	0	0	0.000307	0.000152	0.000244	0
OTU_172	0.000674	0	0	0	0	0	0.000115	0.000169	0	0	0	0	0	0	0	0	0	0	0.000242	0.000384	0	0	0
OTU_254	0.000674	0	0	0	0	0	0	0	0	0	0	0	0.000174	0	0	0	0	0	0	0	0	0	0
OTU_288	0.000674	0	0	0	0	0	0	0	0	0	0	0	0	0	0	0	0	0	0	0	0	0	0
OTU_73	0.000607	0	0	0	0.000239	0	0	0.00279	0.000777	6.68E-05	0	0	0	0	0	0	0	0	0	0.000767	0.000266	0.000279	0
OTU_122	0.000607	0	0.00033	0	0	0	0.000287	0	0.000348	0	0	0	0	0	0.00011	0	0	0	0	0.000614	0.000228	0.000279	0
OTU_136	0.000607	0.00013	0.000523	0	0.000191	0.000502	0	0	0.000348	0	0	0	0	0	8.83E-05	0	0	0	0	0	0	0	0
OTU_245	0.000607	0	0.000193	0	0	0	0	0	0	0	7.30E-05	0	0	0	0	0	0	0	0	0	0	0	0
OTU_308	0.000607	0	0	0	0	0	0	0	0	0	0	0	0	0	0	0	0	0	0	0	0	0	0
OTU_35	0.00054	0.0014	0.00245	0	0.000215	0	0	0	0	0	0	0.000343	0.000492	0	0.000155	0	0	0	0.011	0	0.000152	0.000174	0
OTU_50	0.00054	0	0	0	9.54E-05	0.000293	0.000373	0.000212	0.000563	0	8.76E-05	0.000162	0.000724	0	0.000177	0	0	0	0.00158	0.000307	0.00205	0.00216	0
OTU_326	0.00054	0	0	0	0	0	0	0	0	0	0	0	0	0	0	0	0	0	0	0	0	0	0
OTU_25	0.000472	0.00874	0.00831	0	0.000716	0.000627	0	0	0.000482	0	7.30E-05	0.00481	0.00255	0	0.000353	0	0	0	0.000364	0.000844	0.000152	0.000174	0
OTU_222	0.000472	0	0	0	0.000358	0	0	0	0.000241	0	0	0	0	0	0	0	0	0	0	0	0	0	0
OTU_345	0.000472	0	0	0	0	0	0	0	0	0	0	0	0	0	0	0	0	0	0	0	0	0	0
OTU_17	0.000405	0.0377	0.05	0	0	0	0	0	0	0	0	0	0	0	0	0	0	0	0	0	0	0	0
OTU_89	0.000405	0	0	0	0	0	0	0	0	0	0	0	0	0	0.000419	0	0.000343	0	0	0.00276	0.00019	0.000209	0
OTU_137	0.000405	0.00013	0.000468	0	0	0	0	0	0.00131	0	0	0	0	0	0	0	0	0	0	0	0	0	0
OTU_224	0.000405	0	0	0	0	0	0	0.000635	0	0	0	0	0	0	0	0	0	0	0	0	0	0	0
OTU_233	0.000405	0	0	0	0.000215	0	0	0	0.000134	0	0	0	0	0	0	0	0	0	0.000242	0	0	0	0
OTU_304	0.000405	0	0	0	0	0	0	0	0.000107	0	0	0	0.000116	0	0	0	0	0	0	0	0	0	0
OTU_317	0.000405	0	0.000165	0	0	0	0	0	0	0	0	0	0	0	0	0	0	0	0	0	0	0	0
OTU_325	0.000405	0	0.000138	0	0	0	0	0	0	0	0	0	0	0	0	0	0	0	0	0	0	0	0
OTU_374	0.000405	0	0	0	0	0	0	0	0	0	0	0	0	0	0	0	0	0	0	0	0	0	0
OTU_375	0.000405	0	0	0	0	0	0	0	0	0	0	0	0	0	0	0	0	0	0	0	0	0	0
OTU_376	0.000405	0	0	0	0	0	0	0	0	0	0	0	0	0	0	0	0	0	0	0	0	0	0
OTU_377	0.000405	0	0	0	0	0	0	0	0	0	0	0	0	0	0	0	0	0	0	0	0	0	0
OTU_378	0.000405	0	0	0	0	0	0	0	0	0	0	0	0	0	0	0	0	0	0	0	0	0	0
OTU_132	0.000337	0	0	0	0	0	0	0	0	0	0	0	0	0	0.00011	0	0	0	0	0.00169	0.00038	0	0
OTU_214	0.000337	0.000359	0.00044	0	0	0	0	0	0	0	0	0	0	0	0	0	0	0	0	0	0	0	0
OTU_236	0.000337	0	0.00011	0	9.54E-05	0	0	0	0.000322	0	0	0	0	0	8.83E-05	0	0	0	0	0	0	0	0
OTU_294	0.000337	0	0	0	0	0	0	0	0.000214	0	0	0	0	0	0.00011	0	0	0	0	0	0	0	0
OTU_336	0.000337	0	0	0	0	0.000167	0	0	0	0	0	0	0	0	0	0	0	0	0	0	0	0	0
OTU_399	0.000337	0	0	0	0	0	0	0	0	0	0	0	0	0	0	0	0	0	0	0	0	0	0
OTU_400	0.000337	0	0	0	0	0	0	0	0	0	0	0	0	0	0	0	0	0	0	0	0	0	0
OTU_401	0.000337	0	0	0	0	0	0	0	0	0	0	0	0	0	0	0	0	0	0	0	0	0	0
OTU_402	0.000337	0	0	0	0	0	0	0	0	0	0	0	0	0	0	0	0	0	0	0	0	0	0
OTU_31	0.00027	0	0	0	9.54E-05	0	0	0	0	0	0.00147	0.00119	0.00313	0	0.00605	0	0.00596	0	0	0	0	0	0
OTU_48	0.00027	0.00013	0.00033	0	0	0	0.00892	0	0.000214	0	0	0	0	0	0	0	0	0	0	0	0.000152	0	0
OTU_51	0.00027	0.000391	0.00102	0	0.000787	0.00046	0.000115	0.000592	0.000991	0	0	8.08E-05	0.000116	0	0	0	0.000548	0	0.000242	0.000691	0.0019	0.00111	0
OTU_68	0.00027	0	0.00105	0	0.000477	0.00046	0.00043	0.000465	0.00147	0	0.000277	0	0.000116	0	0	0	0.000274	0	0	0	0.000684	0.000731	0
OTU_91	0.00027	0	0	0	0	0	0.000115	0	0	0	0	0	0	0	0.00011	0	0.000274	0.00131	0.00152	0.000307	0	0.000174	0
OTU_162	0.00027	0	0	0	0.00107	0	0	0.000381	0	0	0	0	0	0	0	0	0	0	0	0	0	0	0
OTU_167	0.00027	0	0	0	0	0	0	0	0	0	0	0	0	0	0	0	0	0	0	0.00115	0	0.000209	0
OTU_188	0.00027	0	0.00011	0	0	0	0	0	0.000107	0	0.000263	0.000121	0	0	0	0	0	0	0	0.00046	0	0	0
OTU_200	0.00027	0	0.000303	0	9.54E-05	0	0	0.000423	0.000134	0	0	0	0	0	0	0	0	0	0	0	0	0	0
OTU_258	0.00027	0	0.000358	0	0	0	0	0.000169	0	0	0	0	0	0	0	0	0	0	0	0	0	0	0
OTU_262	0.00027	0	0	0	0	0.000167	0	0.000169	0.000188	0	0	0	0	0	0	0	0	0	0	0	0	0	0
OTU_274	0.00027	0	0	0	0	0	0	0	0	0	0	0	0	0	0	0	0	0	0.000303	0	0.000152	0	0
OTU_279	0.00027	0	0	0	9.54E-05	0.000209	0	0	0	0	0.000131	0	0	0	0	0	0	0	0	0	0	0	0
OTU_292	0.00027	0	0	0	0	0.000167	0.000229	0	0	0	0	0	0	0	0	0	0	0	0	0	0	0	0
OTU_297	0.00027	0	0.000138	0	0	0	0	0	0	0	0	0	0	0	0	0	0	0	0	0	0	0.000244	0
OTU_315	0.00027	0	0	0	0	0	0	0	0	0	0.000219	0	0	0	8.83E-05	0	0	0	0	0	0	0	0
OTU_324	0.00027	0	0	0	0	0	0	0	0	0	0	0	0	0	0	0	0.000274	0	0	0	0	0	0
OTU_347	0.00027	0	0	0	0	0	0	0	0	0	0	8.08E-05	0.000116	0	0	0	0	0	0	0	0	0	0
OTU_387	0.00027	0	0.00011	0	0	0	0	0	0	0	0	0	0	0	0	0	0	0	0	0	0	0	0
OTU_442	0.00027	0	0	0	0	0	0	0	0	0	0	0	0	0	0	0	0	0	0	0	0	0	0
OTU_443	0.00027	0	0	0	0	0	0	0	0	0	0	0	0	0	0	0	0	0	0	0	0	0	0
OTU_444	0.00027	0	0	0	0	0	0	0	0	0	0	0	0	0	0	0	0	0	0	0	0	0	0
OTU_445	0.00027	0	0	0	0	0	0	0	0	0	0	0	0	0	0	0	0	0	0	0	0	0	0
OTU_446	0.00027	0	0	0	0	0	0	0	0	0	0	0	0	0	0	0	0	0	0	0	0	0	0
OTU_3	0	0	0	0	0	0	0	0	0	0	0	0	0	0	0	0	0	0	0	0	0	0	0
OTU_26	0	0	0	0	0	0.000167	0.00493	0.000169	0	0	0	0	0	0	0	0	0	0	0.0184	0	0	0	0
OTU_32	0	0.00013	0.000358	0	0.0168	0	0	0	0	0	0	0	0	0	0	0	0	0	0	0	0	0	0
OTU_34	0	0.00714	0.00991	0	0	0	0	0	0	0	0	0	0	0	0	0	0	0	0	0	0	0	0
OTU_36	0	0	0.00011	0	0.00243	0	0.000573	0	0.000161	0	0	0.000101	0.000145	0	0	0	0	0	0.000364	0.0013	0.0052	0.00568	0
OTU_38	0	0	0.000551	0	0.00129	0.00092	0.000717	0.00157	0.00123	0	0.000627	0.000263	0.00029	0	0	0	0.000274	0	0.00218	0.00115	0.00194	0.0024	0
OTU_40	0	0	0	0	0	0	0	0	0.0053	0	0	0	0	0	0	0	0	0	0	0.00836	0	0	0
OTU_42	0	0	0	0	0	0	0.00043	0	0	0	0	0	0.000145	0	0.00064	0	0.00048	0	0.000242	0.00345	0.00311	0.00408	0
OTU_44	0	0.00479	0.0063	0	0	0	0	0	0	0	0	0	0	0	0	0	0	0	0	0	0	0	0
OTU_46	0	0	0.000138	0	0.000119	0	0.000373	0	0	0	0.00114	0.000121	0.000724	0	0.00541	0	0.00192	0	0.000242	0	0	0	0
OTU_47	0	0	0	0	9.54E-05	0	0.00679	0	0.000214	0	0	0	0	0	0	0	0.00281	0	0	0	0.000304	0	0
OTU_53	0	0	0.00011	0	0.00916	0	0	0	0	0	0	0	0	0	0	0	0	0	0	0	0	0	0
OTU_55	0	0.00408	0.00319	0	0.00186	0	0	0	0	0	0	0	0	0	0	0	0	0	0	0	0	0	0
OTU_56	0	0	0.000165	0	0.000405	0	0.00129	0	0.000161	8.01E-05	0.000146	0	0.000406	0	0.000221	0	0.000959	0	0.00115	0.00176	0.00114	0.00118	0
OTU_57	0	0	0	0	0	0	0	0	0	0	0	0	0	0	0	0	0	0	0	0.00875	0	0	0
OTU_58	0	0	0.000495	0	0.000191	0.000502	0	0.000169	0.000509	0	0	0.000101	0	0	0.00011	0	0.000959	0	0.002	0.00107	0.00144	0.00115	0
OTU_59	0	0	0	0	0.0037	0	0	0.00161	0.000241	0	0	0	0	0	0.00313	0	0	0	0	0	0	0	0
OTU_60	0	0.00339	0.0052	0	0	0	0	0	0	0	0	0	0	0	0	0	0	0	0	0	0	0	0
OTU_61	0	0.000163	0	0	0.000239	0	0	0	0.000509	0	0	0	0	0	0	0	0	0	0	0.00046	0.00258	0.00442	0
OTU_62	0	0.00075	0.00201	0	0	0	0	0	0	0	0	0	0	0	0	0	0	0	0	0	0	0	0.00515
OTU_63	0	0	0	0	0	0	0	0	0	0	0	0	0	0	0	0	0	0	0	0	0.0033	0.00428	0
OTU_64	0	0	0.000303	0	0	0	0.000115	0	0	0	0	0	0	0	0	0	0.00699	0	0	0	0	0	0
OTU_65	0	0	0	0	0	0	0	0	0	0	0.00735	0	0	0	0	0	0	0	0	0	0	0	0
OTU_66	0	0	0.000495	0	0	0.000209	0.000287	0	0.00201	0	0	0	0.000174	0	0	0	0	0	0	0	0.00201	0.00188	0
OTU_69	0	0	0	0	0	0.000167	0	0	0.000107	5.34E-05	0	8.08E-05	0	0	0	0	0	0	0	0.00606	0	0	0
OTU_70	0	0	0.00044	0	0.000167	0	0	0.000381	0.000375	6.68E-05	0	0	0	0	0.000442	0	0.000343	0	0.000546	0.00176	0.00076	0.00118	0
OTU_71	0	0	0	0	0.000143	0	0.000602	0	0	0	0.000146	0.000667	0.00055	0	0	0	0.00185	0	0	0.00199	0	0	0
OTU_72	0	0	0	0	0	0	0	0	0	0	0	0	0	0	8.83E-05	0	0.00576	0	0	0	0	0	0
OTU_74	0	0	0	0	0	0	0.000975	0	0.00134	0	0	0	0	0	0	0	0	0.00326	0	0	0	0	0
OTU_75	0	0	0	0	0	0	0	0	0	0	0	0	0	0	0.00525	0	0	0	0	0	0	0	0
OTU_76	0	0	0	0	0	0	0	0	0	0	0	0	0	0	0.000132	0	0	0	0	0	0.00319	0.00192	0
OTU_77	0	0	0	0	0	0	0	0	0.000161	0.00295	0	0	0	0	0	0	0	0	0.00097	0	0.00057	0.000557	0
OTU_78	0	0	0	0	0	0	0	0	0.0052	0	0	0	0	0	0	0	0	0	0	0	0	0	0
OTU_79	0	0	0	0	0	0	0	0	0	0	0	0	0	0	0	0	0.00507	0	0	0	0	0	0
OTU_80	0	0.00137	0.00369	0	0	0	0	0	0	0	0	0	0	0	0	0	0	0	0	0	0	0	0
OTU_81	0	0	0.00011	0	0	0	0	0	0	0	0	0.000343	0.000203	0	0.00117	0	0.00103	0	0.00145	0.000384	0.000152	0.000139	0
OTU_83	0	0	0	0	0	0	0	0	0	0	0	0	0	0	0.00274	0	0.00212	0	0	0	0	0	0
OTU_85	0	0	0	0	0	0	0	0	0	0	0	0	0	0	0	0	0	0	0	0	0.00281	0.00188	0
OTU_86	0	0.00408	0.000578	0	0	0	0	0	0	0	0	0	0	0	0	0	0	0	0	0	0	0	0
OTU_87	0	0	0	0	0	0	0.000889	0	0	0	5.84E-05	0.000768	0.00269	0.000169	0	0	0	0	0	0	0	0	0
OTU_88	0	0	0	0	0	0	0	0	0	0	0	0	0	0	0	0	0.00439	0	0	0	0	0	0
OTU_90	0	0	0.000193	0	0	0.000502	0.000459	0	0.000911	0.00024	0	0	0.000116	0	0.000287	0	0	0	0.000242	0.000307	0.000456	0.000383	0
OTU_93	0	0	0	0	0	0	0	0	0	0	0	0	0	0	8.83E-05	0	0.0037	0	0	0	0	0.000209	0
OTU_94	0	0.000326	0.000881	0	0.000239	0.000544	0.000115	0.000169	0.000161	0	5.84E-05	8.08E-05	0	0	0	0	0	0	0.000606	0.00046	0.00019	0.000139	0
OTU_95	0	0	0.00011	0	0.000644	0	0.00146	0	0	0	0	0.000162	0.000608	0	0	0	0.000959	0	0	0	0	0	0
OTU_96	0	0	0.000138	0	0.000191	0.000167	0.000401	0	0.000348	0.00101	0.000423	0.000485	0.00029	0.000253	0.00011	0	0	0	0	0	0	0	0
OTU_97	0	0	0	0	0	0	0	0	0.00372	0	0	0	0	0	0	0	0	0	0	0	0	0	0
OTU_98	0	0	0.000248	0	0	0	0.000602	0	0	0	0	0	0	6.75E-05	0.00115	0	0	0	0.000606	0.00046	0.000342	0.000244	0
OTU_99	0	0	0	0	0	0	0	0	0	0	0	0	0	0	0.00258	0	0	0	0	0	0	0	0.00111
OTU_102	0	0	0	0	0	0	0	0.00317	0.000241	0	0	0	0	0	0	0	0	0	0	0	0.00019	0	0
OTU_103	0	0	0	0	0	0.00355	0	0	0	0	0	0	0	0	0	0	0	0	0	0	0	0	0
OTU_105	0	0	0	0	0	0	0	0	0	0	0	0.000485	0.00104	0	0	0	0	0	0.000667	0.000691	0.000228	0.000418	0
OTU_107	0	0	0	0	0	0	0	0.000254	0	0	0	0	0	0	0	0	0	0	0.0017	0.00138	0	0	0
OTU_108	0	0	0	0	0	0	0	0	0	0	0	0	0	0	0	0	0	0	0	0.00322	0	0	0
OTU_109	0	0	0.000138	0	0	0	0.000258	0	0.000107	0	0	0.000323	0.000927	0	0	0	0	0	0.000485	0.000384	0.000266	0.000244	0
OTU_110	0	0	0	0	0	0	0	0	0	0	0	0	0	0	0.00238	0	0	0	0	0	0	0	0.000696
OTU_111	0	0	0	0	0	0	0	0	0	0	0	0	0	0	0.000596	0	0.00247	0	0	0	0	0	0
OTU_112	0	0.00108	0.00182	0	0	0	0	0	0.000161	0	0	0	0	0	0	0	0	0	0	0	0	0	0
OTU_113	0	0.000391	0.00146	0	0	0	0.000344	0	0.000536	0	0	0	0.000145	0	0	0	0	0	0	0	0	0.000174	0
OTU_114	0	0	0	0	0	0	0	0	0	0	0	0	0	0	0	0	0	0	0.00303	0	0	0	0
OTU_115	0	0	0	0	0	0	0	0	0	0	0	0	0	0	0	0	0.00295	0	0	0	0	0	0
OTU_116	0	0	0	0	0	0.000418	0	0.000169	0	0	0	0	0	0	0	0	0	0	0	0	0.000987	0.00136	0
OTU_117	0	0	0	0	0	0.00293	0	0	0	0	0	0	0	0	0	0	0	0	0	0	0	0	0
OTU_118	0	0	0	0	0	0	0	0	0	0	0.000423	0.000808	0.00136	0	0	0	0	0	0	0	0	0	0
OTU_119	0	0	0	0	0	0	0.000115	0	0	0	0	0.000202	0.000116	0	0.000574	0	0	0	0.00109	0.000307	0.000304	0.000139	0
OTU_120	0	0	0	0	0	0	0	0	0	0	0	0	0	0	0	0	0	0	0	0.00284	0	0	0
OTU_121	0	0	0.00011	0	9.54E-05	0	0	0	0	0	7.30E-05	0	0	0	0.000132	0	0	0	0.00127	0.000844	0.000304	0	0
OTU_123	0	0	0.00033	0	0	0	0	0	0.000107	0	0	0	0	0	0.000309	0	0.000617	0	0	0.00115	0.000228	0	0
OTU_124	0	0	0	0	0	0	0	0	0	0	0	0	0	0	0	0	0	0	0	0	0.00156	0.00118	0
OTU_125	0	0	0	0	0.000596	0	0	0	0	0	0	0	0	0	0	0	0	0	0	0.000384	0.000684	0.00104	0
OTU_126	0	0.0014	0.00129	0	0	0	0	0	0	0	0	0	0	0	0	0	0	0	0	0	0	0	0
OTU_129	0	0	0	0	0	0	0	0	0	0	0	0	0	0	0	0	0	0	0	0	0.000684	0.00195	0
OTU_130	0	0	0	0	0	0	0	0	0	0	0	0	0	0	0.000508	0	0	0	0	0	0	0	0.00209
OTU_131	0	0	0	0	0	0	0	0	0.00252	0	0	0	0	0	0	0	0	0	0	0	0	0	0
OTU_133	0	0	0	0	0.00227	0	0	0	0	0	0	0	0	0	0	0	0	0	0.000242	0	0	0	0
OTU_134	0	0	0	0	0.000334	0	0	0	0.000161	0	0	0	0	0	0.000132	0	0	0	0.000667	0.000844	0.00019	0.000174	0
OTU_135	0	0	0	0	0.00129	0.00121	0	0	0	0	0	0	0	0	0	0	0	0	0	0	0	0	0
OTU_138	0	0	0	0	0	0	0	0	0	0	0	0	0	0	0	0	0	0	0	0.0023	0	0	0
OTU_139	0	0	0.000165	0	0	0.00092	0	0	0.000134	0	0	0	0	0	0	0	0	0	0.000485	0.000307	0.000266	0	0
OTU_141	0	0	0	0	0	0	0.00224	0	0	0	0	0	0	0	0	0	0	0	0	0	0	0	0
OTU_144	0	0	0	0	0	0	0.00189	0	0	0	0	0	0	0	0	0	0.000274	0	0	0	0	0	0
OTU_145	0	0.000783	0.00127	0	0	0	0.000115	0	0	0	0	0	0	0	0	0	0	0	0	0	0	0	0
OTU_147	0	0	0	0	0	0	0	0	0	0	0	0	0	0	0	0	0	0	0.00176	0	0.000228	0.000139	0
OTU_148	0	0	0	0	0	0	0	0	0.0011	0	0	0	0	0	0.000397	0	0	0	0	0	0.00038	0.000174	0
OTU_149	0	0	0	0	0	0.000167	0	0	0.000161	0	0	0	0	0	0.000331	0	0	0	0.000242	0.000307	0.000456	0.000383	0
OTU_150	0	0	0	0	0.000215	0.000167	0.000172	0	0	0	0	0	0	0	0	0	0	0	0.000424	0.000844	0	0.000174	0
OTU_151	0	0	0	0	0	0	0	0	0	0	0	0	0	0	0	0	0.00199	0	0	0	0	0	0
OTU_152	0	0	0	0.000264	0	0	0	0	0	0	0	0	0	0	0	0	0	0	0	0	0.000835	0.000871	0
OTU_153	0	0	0	0	0	0	0	0	0	0	0	0	0	0	0	0	0	0	0	0	0.000949	0.00101	0
OTU_154	0	0	0	0	0	0	0	0	0.000509	0	0	0	0	0	0	0	0	0	0.000849	0.00046	0	0.000139	0
OTU_155	0	0	0	0	0.0016	0	0	0	0	0.000107	0	0	0	0	0	0	0	0	0.000242	0	0	0	0
OTU_156	0	0	0	0	0	0	0	0	0.00137	0	0	0	0	0	0	0	0	0	0	0.000537	0	0	0
OTU_157	0	0	0.000193	0	0	0	0	0	0.000402	0	0	0	0	0	0	0	0	0.00131	0	0	0	0	0
OTU_158	0	0	0	0	0	0	0	0	0.000268	0	0	0	0	0	8.83E-05	0	0	0	0	0.00153	0	0	0
OTU_159	0	0	0	0	0	0	0	0	0.000348	0	0	0	0	0	0.00143	0	0	0	0	0	0	0	0
OTU_160	0	0	0	0	0	0	0	0	0	0	0	0	0	0	0	0	0	0	0	0	0.0011	0.000662	0
OTU_163	0	0	0	0	0	0	0	0	0	0	0	0	0	0	0	0	0.00171	0	0	0	0	0	0
OTU_164	0	0.000587	0.000991	0	0	0	0	0	0	0	0	0	0	0	0.00011	0	0	0	0	0	0	0	0
OTU_165	0	0	0	0	0	0	0	0	0	0	0	0	0	0	0	0	0	0	0	0.000921	0.000228	0.000522	0
OTU_166	0	0	0	0	0	0	0	0	0	0	0	0	0	0	0.00163	0	0	0	0	0	0	0	0
OTU_169	0	0	0	0	0	0	0	0	0	0	0	0	0	0	0	0	0	0	0	0.00161	0	0	0
OTU_170	0	0	0	0	0	0	0	0	0	0	5.84E-05	0.000667	0.000869	0	0	0	0	0	0	0	0	0	0
OTU_171	0	0.00013	0.00146	0	0	0	0	0	0	0	0	0	0	0	0	0	0	0	0	0	0	0	0
OTU_173	0	0	0	0	0	0	0	0	0	0	0	0	0	0	0	0	0	0	0.00158	0	0	0	0
OTU_174	0	0	0	0	0	0	0	0	0	0	0	0	0	0	0.000177	0	0.00137	0	0	0	0	0	0
OTU_175	0	0	0	0	0	0	0	0	0	0	0	0	0	0	0	0	0	0	0.00152	0	0	0	0
OTU_176	0	0	0	0	0	0	0	0	0.000268	0	0	0	0	0	0	0	0	0	0.00121	0	0	0	0
OTU_177	0	0	0	0	0	0	0	0	0	0	0	0	0	0	0	0	0	0	0	0	0.000152	0.00132	0
OTU_178	0	0	0	0	0.000143	0	0	0.000169	0	0	0	0	0	0	0	0	0	0	0.000364	0	0.00019	0.000592	0
OTU_179	0	0	0	0.000581	0	0	0	0	0	0.00012	0	0.000404	0.000348	0	0	0	0	0	0	0	0	0	0
OTU_180	0	0	0.000193	0	9.54E-05	0	0	0	0.000697	0	0	0	0	0	0.000464	0	0	0	0	0	0	0	0
OTU_181	0	0	0	0	9.54E-05	0	0	0	0.000322	0	5.84E-05	0	0	0	0	0	0	0	0	0.000307	0.000342	0.000313	0
OTU_182	0	0	0	0	0	0	0	0	0	5.34E-05	0	0	0.00029	0.000405	0.000287	0	0	0	0	0	0.00019	0.000174	0
OTU_184	0	0	0	0	0	0	0	0	0.000134	0	0	0	0	0	0	0	0	0	0	0	0.000418	0.000836	0
OTU_185	0	0	0	0	0	0	0	0	0	0	0	0	0	0	0	0	0	0	0	0	0.000532	0.000836	0
OTU_186	0	0	0	0	0	0	0	0.00135	0	0	0	0	0	0	0	0	0	0	0	0	0	0	0
OTU_187	0	0	0	0	9.54E-05	0	0	0	0.000616	0	0	0	0	0	0.00064	0	0	0	0	0	0	0	0
OTU_189	0	0.000848	0.000385	0	0	0	0	0	0	0	0	8.08E-05	0	0	0	0	0	0	0	0	0	0	0
OTU_190	0	0	0	0	0	0	0	0	0	0	0	0	0	0	0	0	0	0.00131	0	0	0	0	0
OTU_191	0	0.00013	0.00116	0	0	0	0	0	0	0	0	0	0	0	0	0	0	0	0	0	0	0	0
OTU_193	0	0	0	0	0	0.000167	0	0	0	0	0	0	0	0	0.00011	0	0	0	0	0.000844	0.000152	0	0
OTU_194	0	0	0	0	0.000119	0	0.000258	0.000212	0.000107	0	0	0	0	0	0.000331	0	0	0	0.000242	0	0	0	0
OTU_195	0	0	0	0	0.000119	0.000167	0	0	0.000134	0	0	0	0	0	0	0	0	0	0.000849	0	0	0	0
OTU_196	0	0	0.000661	0	0	0	0	0	0	0	0	0	0	0	0	0	0	0	0.000606	0	0	0	0
OTU_197	0	0	0	0	0	0	0.00123	0	0	0	0	0	0	0	0	0	0	0	0	0	0	0	0
OTU_198	0	0.00013	0.0011	0	0	0	0	0	0	0	0	0	0	0	0	0	0	0	0	0	0	0	0
OTU_199	0	0	0	0	0	0	0	0.00123	0	0	0	0	0	0	0	0	0	0	0	0	0	0	0
OTU_201	0	0	0	0	0.000358	0	0	0	0	0	0	0	0	0	0	0	0	0	0	0	0.000228	0.000627	0
OTU_202	0	0	0	0	0	0	0	0	0	0	0	0	0	0	0	0	0	0	0.00121	0	0	0	0
OTU_204	0	0	0	0	0	0	0	0	0	0	0	0	0	0	0	0	0	0	0	0	0.000456	0.000731	0
OTU_205	0	0	0	0	0	0	0	0	0	0	0	0	0	0	0.000155	0	0.00103	0	0	0	0	0	0
OTU_206	0	0	0	0	0.000477	0	0.000573	0	0	0	0	0	0.000116	0	0	0	0	0	0	0	0	0	0
OTU_207	0	0	0.00011	0	0	0	0	0	0	0	0	0	0	0	0	0	0.000617	0	0	0	0.000228	0.000209	0
OTU_208	0	0	0	0	0.000215	0.000293	0	0	0	0	0.00019	0	0	0	0	0	0	0	0	0	0.000152	0.000313	0
OTU_209	0	0	0	0	0	0	0	0	0	0	0	0	0	0	0	0	0	0	0	0	0.000456	0.000697	0
OTU_210	0	0	0	0	0	0	0	0	0	0	0	0	0	0	0	0	0	0	0.00115	0	0	0	0
OTU_211	0	0	0	0	0	0	0	0	0	0	0	0	0	0	0	0	0	0	0.00115	0	0	0	0
OTU_212	0	0	0	0	0	0	0	0	0	0	0	0	0	0	0.00115	0	0	0	0	0	0	0	0
OTU_213	0	0	0	0	0	0	0	0.00114	0	0	0	0	0	0	0	0	0	0	0	0	0	0	0
OTU_215	0	0	0	0	0	0	0	0	0	0	0	0	0	0	0	0	0	0	0.000424	0.000384	0.000152	0.000174	0
OTU_216	0	0	0	0	0	0	0.00112	0	0	0	0	0	0	0	0	0	0	0	0	0	0	0	0
OTU_217	0	0	0	0	0	0	0	0	0	0	0	0	0	0	0	0	0	0	0	0	0.00076	0.000348	0
OTU_218	0	0	0.00011	0	0	0	0	0	0.000134	0	0	0	0	0	0	0	0	0	0.000242	0.000614	0	0	0
OTU_219	0	0	0	0	0	0	0	0	0.0011	0	0	0	0	0	0	0	0	0	0	0	0	0	0
OTU_220	0	0	0	0	0	0	0.00109	0	0	0	0	0	0	0	0	0	0	0	0	0	0	0	0
OTU_221	0	0	0.000165	0	9.54E-05	0.000167	0	0	0.000107	0	0	0	0	0	8.83E-05	0	0	0	0	0	0	0.000453	0
OTU_225	0	0	0	0	0	0	0.000659	0	0	0	0	0	0	0	0	0	0	0	0	0	0.00038	0	0
OTU_226	0	0	0	0	0	0	0	0	0	0	0	0	0	0	0	0	0	0	0	0	0.00076	0.000279	0
OTU_227	0	0	0	0	0	0	0	0	0	0	0	0	0	0	0	0	0	0	0.00103	0	0	0	0
OTU_228	0	0	0	0	0	0	0.000344	0	0	0	0	0	0	0	0	0	0.000685	0	0	0	0	0	0
OTU_229	0	0	0	0	0	0	0	0	0	0	0	0	0	0	0	0	0	0	0	0	0.00057	0.000453	0
OTU_230	0	0	0	0	0	0	0	0.00102	0	0	0	0	0	0	0	0	0	0	0	0	0	0	0
OTU_231	0	0	0	0	0	0	0	0	0	0	0	0	0	0	0.00102	0	0	0	0	0	0	0	0
OTU_232	0	0	0	0	0	0	0	0	0	0	0	0	0	0	0	0	0.000274	0	0.000727	0	0	0	0
OTU_234	0	0	0	0	0	0	0	0	0.000241	0	0	0	0	0	0.000729	0	0	0	0	0	0	0	0
OTU_235	0	0	0	0	0	0	0	0	0	0	0	0	0	0	0.000684	0	0.000274	0	0	0	0	0	0
OTU_237	0	0	0.000358	0	0	0.00046	0	0	0.000134	0	0	0	0	0	0	0	0	0	0	0	0	0	0
OTU_238	0	0.000261	0.000606	0	0	0	0	0	0	0	0	8.08E-05	0	0	0	0	0	0	0	0	0	0	0
OTU_240	0	0	0	0	9.54E-05	0	0.000831	0	0	0	0	0	0	0	0	0	0	0	0	0	0	0	0
OTU_241	0	0	0	0	0	0	0	0	0	0	0	0	0	0	0	0	0	0	0	0	0.00057	0.000348	0
OTU_242	0	0	0	0	0	0	0	0	0	0	0	0	0	0	0	0	0	0	0	0	0.000456	0.000453	0
OTU_243	0	0	0	0	9.54E-05	0	0.000803	0	0	0	0	0	0	0	0	0	0	0	0	0	0	0	0
OTU_244	0	0	0	0	0	0	0	0	0	0	0	0	0	0	0.000883	0	0	0	0	0	0	0	0
OTU_246	0	0	0	0	0	0	0	0	0	0	0	0	0	0	0	0	0	0	0	0	0.000418	0.000453	0
OTU_247	0	0	0	0	0	0	0	0	0	0	0	0	0	0	0	0	0	0	0	0.000537	0.00019	0.000139	0
OTU_248	0	0	0.00011	0	0.000668	0	0	0	0	0	0	0	0	0	8.83E-05	0	0	0	0	0	0	0	0
OTU_249	0	0	0	0	0.000596	0	0	0	0.000268	0	0	0	0	0	0	0	0	0	0	0	0	0	0
OTU_250	0	0	0	0	0	0	0	0	0	0	0	0	0	0	0.000861	0	0	0	0	0	0	0	0
OTU_251	0	0	0.00011	0	0.000119	0.000167	0	0	0	0	0	0	0	0	0	0	0	0	0	0.000307	0.000152	0	0
OTU_252	0	0	0	0	0	0	0	0	0	0	0	0	0	0	0	0	0	0	0.000849	0	0	0	0
OTU_253	0	0	0	0	0	0	0	0	0	0	0	0	0	0	0	0	0	0	0.000849	0	0	0	0
OTU_255	0	0	0	0	0	0	0	0	0	0	0	0	0	0	0	0	0.000822	0	0	0	0	0	0
OTU_256	0	0	0	0	0	0	0	0	0.000214	0	0	0	0	0	0	0	0	0	0.000606	0	0	0	0
OTU_257	0	0	0	0	0	0	0	0	0.000804	0	0	0	0	0	0	0	0	0	0	0	0	0	0
OTU_259	0	0	0	0	0	0	0	0	0	0	0	0	0	0	0.000795	0	0	0	0	0	0	0	0
OTU_260	0	0	0	0	0	0	0	0	0	0	0	0	0	0	0.000795	0	0	0	0	0	0	0	0
OTU_261	0	0	0	0	0	0	0.000487	0	0	0	0	0	0	0	0	0	0	0	0	0.000307	0	0	0
OTU_263	0	0	0	0	0	0	0	0	0	0	0	0	0	0	0	0	0	0	0.000788	0	0	0	0
OTU_264	0	0	0	0	0	0	0	0	0	0	0	0	0	0	8.83E-05	0	0	0	0	0	0	0	0.000696
OTU_265	0	0	0	0	0	0	0.000774	0	0	0	0	0	0	0	0	0	0	0	0	0	0	0	0
OTU_266	0	0	0.00011	0	0	0	0	0	0	0	0	8.08E-05	0.000261	0	0	0	0	0	0	0.000307	0	0	0
OTU_267	0	0	0	0	0	0.000753	0	0	0	0	0	0	0	0	0	0	0	0	0	0	0	0	0
OTU_268	0	0	0	0	0	0	0	0	0.00075	0	0	0	0	0	0	0	0	0	0	0	0	0	0
OTU_269	0	0	0	0	0	0	0	0	0	0	0	8.08E-05	0	0	0	0	0	0	0.000667	0	0	0	0
OTU_270	0	0.000196	0.000413	0	0	0	0	0	0.000134	0	0	0	0	0	0	0	0	0	0	0	0	0	0
OTU_271	0	0	0	0	0	0	0.000602	0	0.000134	0	0	0	0	0	0	0	0	0	0	0	0	0	0
OTU_272	0	0	0	0	0	0.000418	0	0	0	0	0	0	0	0	0	0	0	0	0	0.000307	0	0	0
OTU_273	0	0	0	0	0	0	0	0	0	0	0	0	0	0	0	0	0	0	0	0.000307	0	0.000418	0
OTU_275	0	0	0	0	0	0	0	0	0	0	0	0.000202	0.000521	0	0	0	0	0	0	0	0	0	0
OTU_276	0	0	0	0	0	0	0	0	0.000723	0	0	0	0	0	0	0	0	0	0	0	0	0	0
OTU_277	0	0	0	0	0	0	0	0	0	0	0	0	0	0	0	0	0	0	0	0	0.000722	0	0
OTU_278	0	0	0	0	0	0	0	0	0	0	0	0	0.000116	0	0	0	0	0	0	0.000384	0	0.000209	0
OTU_280	0	0	0	0	0.00062	0	0	0	0	8.01E-05	0	0	0	0	0	0	0	0	0	0	0	0	0
OTU_281	0	0	0	0	0	0	0	0	0	0	0	0	0	0	0	0	0	0	0	0	0.000456	0.000244	0
OTU_282	0	0	0	0	0	0.000251	0	0	0	0	0	0	0	0	0	0	0	0	0	0.000307	0	0.000139	0
OTU_283	0	0	0	0	0	0	0	0	0	0	0	0	0	0.000692	0	0	0	0	0	0	0	0	0
OTU_284	0	0	0	0	0	0	0	0	0	0	0	0	0	0	0	0	0	0	0	0.000691	0	0	0
OTU_285	0	0	0	0	0	0	0	0	0	0	0	0	0	0	0	0	0	0	0	0.000691	0	0	0
OTU_286	0	0	0	0	9.54E-05	0.000334	0.000115	0	0.000134	0	0	0	0	0	0	0	0	0	0	0	0	0	0
OTU_287	0	0.00013	0.000193	0	0.000215	0	0	0	0	0	0	0	0	0	0	0	0	0	0	0	0	0.000139	0
OTU_289	0	0	0	0	0	0	0	0	0.00067	0	0	0	0	0	0	0	0	0	0	0	0	0	0
OTU_290	0	0	0	0	0	0	0	0	0	0	0	0	0	0	0.00011	0	0	0	0	0	0	0	0.000557
OTU_291	0	0	0	0	0	0	0	0	0	0	0	0	0	0	0	0	0	0	0.000667	0	0	0	0
OTU_293	0	0	0	0	0	0	0	0	0.000322	0	0	0	0	0	0	0	0.000343	0	0	0	0	0	0
OTU_295	0	0	0	0	0	0.000418	0	0	0	0	0	0	0	0	0	0	0	0	0.000242	0	0	0	0
OTU_296	0	0	0	0	0	0	0	0	0	0	0	0	0	0	0	0	0	0	0.000485	0	0	0.000174	0
OTU_298	0	0	0.000138	0	0	0	0	0	0.000134	0	0	0	0.00029	0	8.83E-05	0	0	0	0	0	0	0	0
OTU_299	0	0	0	0	0	0	0.000373	0	0	0	0	0	0	0	0	0	0.000274	0	0	0	0	0	0
OTU_300	0	0	0	0	0	0	0	0	0	0	0	0	0	0	0.00064	0	0	0	0	0	0	0	0
OTU_301	0	0	0	0	0	0	0	0	0	0	0	0	0	0	0	0	0	0	0	0	0.000152	0.000488	0
OTU_302	0	0	0	0	0	0	0	0	0.000134	0	5.84E-05	0	0	0	0	0	0	0	0	0.000307	0	0.000139	0
OTU_303	0	0.000163	0.000468	0	0	0	0	0	0	0	0	0	0	0	0	0	0	0	0	0	0	0	0
OTU_305	0	0	0	0	0	0	0	0	0	0	0	0	0	0	0.000618	0	0	0	0	0	0	0	0
OTU_306	0	0	0.000413	0	0	0	0	0	0.000107	0	0	0	0	0	8.83E-05	0	0	0	0	0	0	0	0
OTU_307	0	0	0	0	0	0	0	0	0	0	0	0	0	0	0	0	0	0	0	0	0.00019	0.000418	0
OTU_309	0	0	0	0	0	0	0.000229	0	0	0	0	0	0	0	0.000375	0	0	0	0	0	0	0	0
OTU_310	0	0	0	0	0	0	0	0.000508	0	0	0	0	0	0	8.83E-05	0	0	0	0	0	0	0	0
OTU_311	0	0	0	0	0	0	0	0	0	0	0	0	0	0	0	0	0	0	0	0	0.000456	0.000139	0
OTU_312	0	0.000456	0.000138	0	0	0	0	0	0	0	0	0	0	0	0	0	0	0	0	0	0	0	0
OTU_313	0	0	0	0	0	0	0	0	0	0	0	0	0.000579	0	0	0	0	0	0	0	0	0	0
OTU_314	0	0	0	0	0	0	0	0	0.000161	6.68E-05	0	0	0	0	0.000199	0	0	0	0	0	0.000152	0	0
OTU_316	0	0.00013	0.00044	0	0	0	0	0	0	0	0	0	0	0	0	0	0	0	0	0	0	0	0
OTU_318	0	0	0.00011	0.000317	0	0	0	0	0	0	0	0	0	0	0	0	0	0	0	0	0	0.000139	0
OTU_319	0	0	0	0	0	0.000418	0	0	0	0	0	0	0	0	0	0	0	0	0	0	0	0.000139	0
OTU_320	0	0	0	0	0	0	0	0	0	0	0	0	0	0	0.000552	0	0	0	0	0	0	0	0
OTU_321	0	0	0	0	0	0	0	0	0	0	0	0	0	0	0	0	0	0	0.000546	0	0	0	0
OTU_322	0	0	0	0	0	0	0.000545	0	0	0	0	0	0	0	0	0	0	0	0	0	0	0	0
OTU_323	0	0	0.00033	0	0	0	0	0	0.000214	0	0	0	0	0	0	0	0	0	0	0	0	0	0
OTU_327	0	0	0	0	0	0	0	0	0	0	0	0	0	0	0	0	0	0	0	0.000537	0	0	0
OTU_328	0	0	0	0	0	0	0	0	0.000536	0	0	0	0	0	0	0	0	0	0	0	0	0	0
OTU_329	0	0	0	0.000528	0	0	0	0	0	0	0	0	0	0	0	0	0	0	0	0	0	0	0
OTU_330	0	0	0	0	0	0	0	0.000169	0	0	0	0.000182	0.000174	0	0	0	0	0	0	0	0	0	0
OTU_331	0	0	0	0	0	0	0	0	0	0	0	0	0	0	0	0	0	0	0	0.000384	0	0.000139	0
OTU_332	0	0	0	0	0	0	0	0	0.000402	0	0	0	0.000116	0	0	0	0	0	0	0	0	0	0
OTU_333	0	0	0	0	0.000143	0	0.000373	0	0	0	0	0	0	0	0	0	0	0	0	0	0	0	0
OTU_334	0	0	0	0	0	0	0	0	0	0	0	0	0	0	0.000508	0	0	0	0	0	0	0	0
OTU_335	0	0	0	0	0	0	0	0	0	0	0	0	0	0	0.000508	0	0	0	0	0	0	0	0
OTU_337	0	0.00013	0	0	0	0	0	0	0	0	0	8.08E-05	0	0	0	0	0	0	0	0	0.000152	0.000139	0
OTU_338	0	0	0	0	0	0	0	0	0	0	0	0	0	0	0	0	0	0	0	0	0.000152	0.000348	0
OTU_339	0	0	0	0	0	0	0	0	0	0	0	0	0	0	0	0	0	0	0	0	0.000494	0	0
OTU_340	0	0	0	0	0	0	0	0	0	0	0	0	0	0	0.000199	0	0	0	0	0	0.000152	0.000139	0
OTU_341	0	0	0	0	0	0	0	0	0	0	0	0	0	0	0.000486	0	0	0	0	0	0	0	0
OTU_342	0	0	0	0	0	0	0.000143	0.000339	0	0	0	0	0	0	0	0	0	0	0	0	0	0	0
OTU_343	0	0	0	0	0	0	0	0	0	0	0	0	0	0	0	0	0	0	0	0	0.000266	0.000209	0
OTU_344	0	0	0.000165	0	0	0	0	0	0	0	0	0	0	0	0.000309	0	0	0	0	0	0	0	0
OTU_346	0	0	0	0	0	0	0	0	0	0	0	0	0	0	0	0	0	0	0	0	0.00019	0.000279	0
OTU_348	0	0	0.000358	0	0	0	0	0	0.000107	0	0	0	0	0	0	0	0	0	0	0	0	0	0
OTU_349	0	0	0	0	0	0	0	0	0	0	0	0	0	0	0.000464	0	0	0	0	0	0	0	0
OTU_350	0	0	0	0	0	0	0.000115	0	0	0	0	0	0	0	0	0	0	0	0	0	0	0.000348	0
OTU_351	0	0	0	0	0	0	0.000459	0	0	0	0	0	0	0	0	0	0	0	0	0	0	0	0
OTU_352	0	0	0	0	0	0	0.000172	0	0	0	0	0	0	0	0	0	0.000274	0	0	0	0	0	0
OTU_353	0	0	0	0	0	0	0	0.000339	0.000107	0	0	0	0	0	0	0	0	0	0	0	0	0	0
OTU_354	0	0	0	0	0	0	0	0	0	0	0	0	0	0	0.000442	0	0	0	0	0	0	0	0
OTU_355	0	0	0	0	0	0	0	0	0	0	0	0	0	0	0.000442	0	0	0	0	0	0	0	0
OTU_356	0	0	0	0	0	0	0	0	0	0	0	0	0	0	0	0	0	0	0	0	0.000266	0.000174	0
OTU_357	0	0	0	0	0	0	0	0	0	6.68E-05	0	0	0.000145	0	0	0	0	0	0	0	0.000228	0	0
OTU_358	0	0	0	0	0	0	0	0	0	0	0	0	0	0.000439	0	0	0	0	0	0	0	0	0
OTU_359	0	0	0	0	0	0	0.000115	0	0	0	0.000131	0	0	0	0	0	0	0	0	0	0.00019	0	0
OTU_360	0	0.00013	0.000303	0	0	0	0	0	0	0	0	0	0	0	0	0	0	0	0	0	0	0	0
OTU_361	0	0	0.00011	0	0	0	0	0	0.000268	5.34E-05	0	0	0	0	0	0	0	0	0	0	0	0	0
OTU_362	0	0.000293	0.000138	0	0	0	0	0	0	0	0	0	0	0	0	0	0	0	0	0	0	0	0
OTU_363	0	0	0	0	0	0	0.00043	0	0	0	0	0	0	0	0	0	0	0	0	0	0	0	0
OTU_364	0	0	0	0	0	0	0.00043	0	0	0	0	0	0	0	0	0	0	0	0	0	0	0	0
OTU_365	0	0	0	0	0	0	0	0	0.000429	0	0	0	0	0	0	0	0	0	0	0	0	0	0
OTU_366	0	0	0	0	0	0	0	0	0	0	0	8.08E-05	0.000348	0	0	0	0	0	0	0	0	0	0
OTU_367	0	0	0	0	0	0	0	0	0	0	0	0	0	0	0	0	0	0	0.000424	0	0	0	0
OTU_368	0	0	0	0	0	0.000418	0	0	0	0	0	0	0	0	0	0	0	0	0	0	0	0	0
OTU_369	0	0	0	0	0	0	0	0	0	0	0	0	0	0	0	0	0	0	0	0	0.000418	0	0
OTU_370	0	0	0	0	0	0	0	0	0.000214	0	0	0	0	0	0.000199	0	0	0	0	0	0	0	0
OTU_371	0	0	0	0	0	0	0	0	0	0	0	0	0	0	0	0	0.000411	0	0	0	0	0	0
OTU_372	0	0	0.000193	0	0	0	0	0	0.000107	0	0	0	0	0	0.00011	0	0	0	0	0	0	0	0
OTU_373	0	0	0	0	0	0	0	0	0	0	0	0.000101	0.000116	0	0	0	0	0	0	0	0.00019	0	0
OTU_379	0	0	0	0	0	0	0	0	0	0	0	0	0	0	0.000397	0	0	0	0	0	0	0	0
OTU_380	0	0	0	0	0	0	0	0	0	0	0	0	0	0	0.000397	0	0	0	0	0	0	0	0
OTU_381	0	0	0	0	0	0	0	0	0	0	0	0	0	0	0	0	0	0	0	0.000384	0	0	0
OTU_382	0	0	0	0	0	0	0	0	0	0	0	0	0	0	0	0	0	0	0	0.000384	0	0	0
OTU_383	0	0	0	0	0	0	0	0	0	0	0	0	0	6.75E-05	0.000177	0	0	0	0	0	0	0.000139	0
OTU_384	0	0	0	0	0	0	0	0	0	0	0	0	0	0	0	0	0	0	0	0	0	0.000383	0
OTU_385	0	0	0	0	0.000382	0	0	0	0	0	0	0	0	0	0	0	0	0	0	0	0	0	0
OTU_386	0	0	0	0	0	0	0	0.000381	0	0	0	0	0	0	0	0	0	0	0	0	0	0	0
OTU_388	0	0	0	0	0	0	0	0	0	0	0	0	0	0	0	0	0	0	0	0	0.00038	0	0
OTU_389	0	0	0	0	0	0	0	0.000169	0	0	0	0	0	0	0	0	0	0	0	0	0	0.000209	0
OTU_390	0	0.00013	0.00011	0	0	0	0	0	0.000134	0	0	0	0	0	0	0	0	0	0	0	0	0	0
OTU_391	0	0	0	0	0	0	0.000373	0	0	0	0	0	0	0	0	0	0	0	0	0	0	0	0
OTU_392	0	0	0	0	0	0	0	0	0	0	0	0	0	0	0	0	0	0	0	0	0.000228	0.000139	0
OTU_393	0	0	0	0	0	0	0	0	0	0	0	0	0	0	0	0	0	0	0	0	0.000228	0.000139	0
OTU_394	0	0	0	0	0	0	0	0	0	0	0	0	0	0	0	0	0	0	0.000364	0	0	0	0
OTU_395	0	0	0	0	0	0	0	0	0	0	0	0	0	0	0.000353	0	0	0	0	0	0	0	0
OTU_396	0	0	0	0	0	0	0	0	0	0	0	0	0	0	0.000353	0	0	0	0	0	0	0	0
OTU_397	0	0	0	0	0	0.000251	0	0	0	0	0	0	0	0	8.83E-05	0	0	0	0	0	0	0	0
OTU_398	0	0	0	0	0	0	0	0.000339	0	0	0	0	0	0	0	0	0	0	0	0	0	0	0
OTU_403	0	0	0	0	0	0	0	0	0	0	0	0	0	0	0.000331	0	0	0	0	0	0	0	0
OTU_404	0	0	0	0	0	0	0	0	0.000322	0	0	0	0	0	0	0	0	0	0	0	0	0	0
OTU_405	0	0	0	0	0	0	0	0	0.000322	0	0	0	0	0	0	0	0	0	0	0	0	0	0
OTU_406	0	0	0	0	0	0	0	0	0	0	0	0	0	0	0	0	0	0	0	0	0	0.000313	0
OTU_407	0	0	0	0	0	0	0	0	0	0	0	0	0	0	0	0	0	0	0	0	0	0.000313	0
OTU_408	0	0	0	0	0	0	0	0	0	0	0	0	0	0	0.000309	0	0	0	0	0	0	0	0
OTU_409	0	0	0	0	0	0	0	0	0	0	0	0	0	0	0.000309	0	0	0	0	0	0	0	0
OTU_410	0	0	0	0	0	0	0	0	0	0	0	0	0	0	0	0	0	0	0	0.000307	0	0	0
OTU_411	0	0	0	0	0	0	0	0	0	0	0	0	0	0	0	0	0	0	0	0.000307	0	0	0
OTU_412	0	0	0	0	0	0	0	0	0	0	0	0	0	0	0	0	0	0	0	0.000307	0	0	0
OTU_413	0	0	0	0	0	0	0	0	0	0	0	0	0	0	0	0	0	0	0	0.000307	0	0	0
OTU_414	0	0	0	0	0	0	0	0	0	0	0	0	0	0	0	0	0	0	0	0.000307	0	0	0
OTU_415	0	0	0	0	0	0	0	0	0	0	0	0	0	0	0	0	0	0	0	0.000307	0	0	0
OTU_416	0	0	0	0	0	0	0	0	0	0	0	0	0	0	0	0	0	0	0	0.000307	0	0	0
OTU_417	0	0	0	0	0	0	0.000172	0	0.000134	0	0	0	0	0	0	0	0	0	0	0	0	0	0
OTU_418	0	0	0	0	0	0	0	0	0.000107	0	0	0	0	0	0.000199	0	0	0	0	0	0	0	0
OTU_419	0	0	0	0	0	0	0	0	0	0	0	0	0	0	0	0	0	0	0	0	0.000304	0	0
OTU_420	0	0	0	0	0	0	0	0	0	0	0	0	0	0	0	0	0	0	0.000303	0	0	0	0
OTU_421	0	0	0.000303	0	0	0	0	0	0	0	0	0	0	0	0	0	0	0	0	0	0	0	0
OTU_422	0	0	0.000303	0	0	0	0	0	0	0	0	0	0	0	0	0	0	0	0	0	0	0	0
OTU_423	0	0	0.000248	0	0	0	0	0	0	5.34E-05	0	0	0	0	0	0	0	0	0	0	0	0	0
OTU_424	0	0	0	0	0	0	0	0.000296	0	0	0	0	0	0	0	0	0	0	0	0	0	0	0
OTU_425	0	0	0	0	0	0	0	0	0.000295	0	0	0	0	0	0	0	0	0	0	0	0	0	0
OTU_426	0	0	0	0	0	0	0	0	0.000295	0	0	0	0	0	0	0	0	0	0	0	0	0	0
OTU_427	0	0	0	0	0	0	0	0	0	0	0	0	0	0	0	0	0	0	0	0	0.000152	0.000139	0
OTU_428	0	0	0	0	0	0	0	0	0	0	0	0	0	0	0	0	0	0	0	0	0.000152	0.000139	0
OTU_429	0	0	0.000138	0	0	0	0	0	0	0	0	0	0	0	0	0	0	0	0	0	0.000152	0	0
OTU_430	0	0	0	0	0	0	0	0	0	0	0	0	0	0	0.000287	0	0	0	0	0	0	0	0
OTU_431	0	0	0	0	0	0	0	0	0	0	0	0	0	0	0.000287	0	0	0	0	0	0	0	0
OTU_432	0	0	0.000138	0	0	0	0.000143	0	0	0	0	0	0	0	0	0	0	0	0	0	0	0	0
OTU_433	0	0	0.00011	0	0	0	0	0.000169	0	0	0	0	0	0	0	0	0	0	0	0	0	0	0
OTU_434	0	0	0.00011	0	0	0	0	0.000169	0	0	0	0	0	0	0	0	0	0	0	0	0	0	0
OTU_435	0	0	0	0	0	0	0	0	0	0	0	0	0	0	0	0	0	0	0	0	0	0.000279	0
OTU_436	0	0	0	0	0	0	0	0	0	0	0	0	0	0	8.83E-05	0	0	0	0	0	0.00019	0	0
OTU_437	0	0	0	0	0	0	0.000143	0	0.000134	0	0	0	0	0	0	0	0	0	0	0	0	0	0
OTU_438	0	0	0.000275	0	0	0	0	0	0	0	0	0	0	0	0	0	0	0	0	0	0	0	0
OTU_439	0	0	0.000275	0	0	0	0	0	0	0	0	0	0	0	0	0	0	0	0	0	0	0	0
OTU_440	0	0	0	0	0	0	0	0	0	0	0	0	0	0	0	0	0.000274	0	0	0	0	0	0
OTU_441	0	0	0	0	0	0	0	0	0	0	0	0	0	0	0	0	0.000274	0	0	0	0	0	0
OTU_447	0	0	0	0	0	0	0	0	0.000268	0	0	0	0	0	0	0	0	0	0	0	0	0	0
OTU_448	0	0	0	0	0	0	0	0	0.000268	0	0	0	0	0	0	0	0	0	0	0	0	0	0
OTU_449	0	0	0	0	0	0	0	0	0.000268	0	0	0	0	0	0	0	0	0	0	0	0	0	0
OTU_450	0	0	0	0	0	0	0	0	0.000268	0	0	0	0	0	0	0	0	0	0	0	0	0	0
OTU_451	0	0	0	0	0	0	0	0	0.000268	0	0	0	0	0	0	0	0	0	0	0	0	0	0
OTU_452	0	0	0	0	0	0	0	0	0	0	0	0	0	0	0	0	0	0	0	0	0.000266	0	0
OTU_453	0	0	0	0	0	0	0	0	0	0	0	0	0	0	0	0	0	0	0	0	0.000266	0	0
OTU_454	0	0	0	0	0	0	0	0	0	0	0	0	0	0	0.000265	0	0	0	0	0	0	0	0
OTU_455	0	0	0	0	0	0	0	0	0	0	0	0	0	0	0.000265	0	0	0	0	0	0	0	0
OTU_456	0	0	0	0	0	0	0	0	0	0	0	0	0	0	0.000265	0	0	0	0	0	0	0	0
OTU_457	0	0	0	0	0	0	0	0	0	0	0	0	0	0	0.000265	0	0	0	0	0	0	0	0
OTU_458	0	0.000163	0	0	0	0	0	0	0	0	0	0.000101	0	0	0	0	0	0	0	0	0	0	0
OTU_459	0	0	0.00011	0	0	0	0	0	0	0	0	0	0	0	0	0	0	0	0	0	0.000152	0	0
OTU_460	0	0	0	0	0	0	0	0	0.000107	0	0	0	0	0	0	0	0	0	0	0	0.000152	0	0
OTU_461	0	0	0	0	0	0	0	0	0	6.68E-05	0	0	0	0	0	0	0	0	0	0	0.00019	0	0
OTU_462	0	0	0	0	0	0.000251	0	0	0	0	0	0	0	0	0	0	0	0	0	0	0	0	0
OTU_463	0	0	0.000248	0	0	0	0	0	0	0	0	0	0	0	0	0	0	0	0	0	0	0	0
OTU_464	0	0	0.000248	0	0	0	0	0	0	0	0	0	0	0	0	0	0	0	0	0	0	0	0
OTU_465	0	0	0.000248	0	0	0	0	0	0	0	0	0	0	0	0	0	0	0	0	0	0	0	0
OTU_466	0	0	0	0	0	0	0	0	0	0	0	0	0	0	0	0	0	0	0	0	0	0	0
OTU_467	0	0	0	0	0	0	0	0	0	0	0	0.000101	0.000145	0	0	0	0	0	0	0	0	0	0
OTU_468	0	0	0.000138	0	0	0	0	0	0.000107	0	0	0	0	0	0	0	0	0	0	0	0	0	0
OTU_469	0	0	0.00011	0	0	0	0	0	0.000134	0	0	0	0	0	0	0	0	0	0	0	0	0	0
OTU_470	0	0	0	0	0	0	0	0	0	0	0	0	0	0	0.000243	0	0	0	0	0	0	0	0
OTU_471	0	0	0	0	0	0	0	0	0	0	0	0	0	0	0.000243	0	0	0	0	0	0	0	0
OTU_472	0	0	0	0	0	0	0	0	0	0	0	0	0	0	0	0	0	0	0.000242	0	0	0	0
OTU_473	0	0	0	0	0	0	0	0	0	0	0	0	0	0	0	0	0	0	0.000242	0	0	0	0
OTU_474	0	0	0	0	0	0	0	0	0	0	0	0	0	0	0	0	0	0	0.000242	0	0	0	0
OTU_475	0	0	0	0	0	0	0	0	0	0	0	0	0	0	0	0	0	0	0.000242	0	0	0	0
OTU_476	0	0	0	0	0	0	0	0	0	0	0	0	0	0	0	0	0	0	0.000242	0	0	0	0
OTU_477	0	0	0	0	0.000239	0	0	0	0	0	0	0	0	0	0	0	0	0	0	0	0	0	0
OTU_478	0	0	0	0	0	0	0.000229	0	0	0	0	0	0	0	0	0	0	0	0	0	0	0	0
OTU_479	0	0	0	0	0	0	0	0	0	0	0	0	0	0	0	0	0	0	0	0	0.000228	0	0
OTU_480	0	0	0	0	0	0	0.000115	0	0.000107	0	0	0	0	0	0	0	0	0	0	0	0	0	0
OTU_481	0	0	0	0	0	0	0	0	0	0	0	0	0	0	0.000221	0	0	0	0	0	0	0	0
OTU_482	0	0	0	0	0	0	0	0	0	0	0	0	0	0	0.000221	0	0	0	0	0	0	0	0
OTU_483	0	0	0.00022	0	0	0	0	0	0	0	0	0	0	0	0	0	0	0	0	0	0	0	0
OTU_484	0	0	0.00022	0	0	0	0	0	0	0	0	0	0	0	0	0	0	0	0	0	0	0	0
OTU_485	0	0	0.00022	0	0	0	0	0	0	0	0	0	0	0	0	0	0	0	0	0	0	0	0
OTU_486	0	0	0	0	0	0	0	0	0.000107	0	0	0	0	0	0.00011	0	0	0	0	0	0	0	0
OTU_487	0	0	0	0	0	0	0	0	0.000107	0	0	0	0	0	0.00011	0	0	0	0	0	0	0	0
OTU_488	0	0	0	0	0.000215	0	0	0	0	0	0	0	0	0	0	0	0	0	0	0	0	0	0
OTU_489	0	0	0	0	0	0	0	0	0.000214	0	0	0	0	0	0	0	0	0	0	0	0	0	0
OTU_490	0	0	0	0	0	0	0	0	0.000214	0	0	0	0	0	0	0	0	0	0	0	0	0	0
OTU_491	0	0	0	0	0	0	0	0	0	0	0	0	0.000145	6.75E-05	0	0	0	0	0	0	0	0	0
OTU_492	0	0	0	0.000211	0	0	0	0	0	0	0	0	0	0	0	0	0	0	0	0	0	0	0
OTU_493	0	0	0	0.000211	0	0	0	0	0	0	0	0	0	0	0	0	0	0	0	0	0	0	0
OTU_494	0	0	0	0	0	0	0	0	0	0	0	0	0	0	0	0	0	0	0	0	0	0.000209	0
OTU_495	0	0	0	0	0	0	0	0	0	0	0	0	0	0	0	0	0	0	0	0	0	0.000209	0
OTU_496	0	0	0.00011	0	9.54E-05	0	0	0	0	0	0	0	0	0	0	0	0	0	0	0	0	0	0
OTU_497	0	0	0	0	0	0	0	0	0	0	0	0	0	0	0.000199	0	0	0	0	0	0	0	0
OTU_498	0	0	0	0	0	0	0	0	0	0	0	0	0	0	0.000199	0	0	0	0	0	0	0	0
OTU_499	0	0	0	0	0	0	0	0	0	0	0	0	0	0	0.000199	0	0	0	0	0	0	0	0
OTU_500	0	0.000196	0	0	0	0	0	0	0	0	0	0	0	0	0	0	0	0	0	0	0	0	0
OTU_501	0	0	0	0	0	0	0.000115	0	0	0	0	8.08E-05	0	0	0	0	0	0	0	0	0	0	0
OTU_502	0	0	0.000193	0	0	0	0	0	0	0	0	0	0	0	0	0	0	0	0	0	0	0	0
OTU_503	0	0	0.000193	0	0	0	0	0	0	0	0	0	0	0	0	0	0	0	0	0	0	0	0
OTU_504	0	0	0.000193	0	0	0	0	0	0	0	0	0	0	0	0	0	0	0	0	0	0	0	0
OTU_505	0	0	0.000193	0	0	0	0	0	0	0	0	0	0	0	0	0	0	0	0	0	0	0	0
OTU_506	0	0	0	0	0.000191	0	0	0	0	0	0	0	0	0	0	0	0	0	0	0	0	0	0
OTU_507	0	0	0	0	0.000191	0	0	0	0	0	0	0	0	0	0	0	0	0	0	0	0	0	0
OTU_508	0	0	0	0	0.000191	0	0	0	0	0	0	0	0	0	0	0	0	0	0	0	0	0	0
OTU_509	0	0	0	0	0.000191	0	0	0	0	0	0	0	0	0	0	0	0	0	0	0	0	0	0
OTU_510	0	0	0	0	0.000191	0	0	0	0	0	0	0	0	0	0	0	0	0	0	0	0	0	0
OTU_511	0	0	0	0	0	0	0	0	0	0	0	0	0	0	0	0	0	0	0	0	0.00019	0	0
OTU_512	0	0	0	0	0	0	0	0	0	0	0	0	0	0	0	0	0	0	0	0	0.00019	0	0
OTU_513	0	0	0	0	0	0	0	0	0	0	0	0	0	0	0	0	0	0	0	0	0.00019	0	0
OTU_514	0	0	0	0	0	0	0	0	0	0	0	0	0	0	0	0	0	0	0	0	0.00019	0	0
OTU_515	0	0	0	0	0	0	0	0	0.000188	0	0	0	0	0	0	0	0	0	0	0	0	0	0
OTU_516	0	0	0	0	0	0	0	0	0.000188	0	0	0	0	0	0	0	0	0	0	0	0	0	0
OTU_517	0	0	0	0	0	0	0	0	0	0	0	0	0	0	0	0	0	0	0	0	0	0	0
OTU_518	0	0	0	0	0.000119	0	0	0	0	0	5.84E-05	0	0	0	0	0	0	0	0	0	0	0	0
OTU_519	0	0	0	0	0	0	0	0	0	0	0	0	0	0	0.000177	0	0	0	0	0	0	0	0
OTU_520	0	0	0	0	0	0	0	0	0	0	0	0	0	0	0.000177	0	0	0	0	0	0	0	0
OTU_521	0	0	0	0	0	0	0	0	0	0	0	0	0	0	0.000177	0	0	0	0	0	0	0	0
OTU_522	0	0	0	0	0	0	0	0	0	0	0	0	0	0	0.000177	0	0	0	0	0	0	0	0
OTU_523	0	0	0	0	0	0	0	0	0	0	0	0	0	0	0.000177	0	0	0	0	0	0	0	0
OTU_524	0	0	0	0	0	0	0	0	0	0	0	0	0	0	0	0	0	0	0	0	0	0.000174	0
OTU_525	0	0	0	0	0	0	0	0	0	0	0	0	0	0	0	0	0	0	0	0	0	0.000174	0
OTU_526	0	0	0	0	0	0	0	0	0	0	0	0	0	0	0	0	0	0	0	0	0	0.000174	0
OTU_527	0	0	0	0	0	0	0	0	0	0	0	0	0	0	0	0	0	0	0	0	0	0.000174	0
OTU_528	0	0	0	0	0	0	0	0	0	0	0	0	0	0	0	0	0	0	0	0	0	0.000174	0
OTU_529	0	0	0	0	0	0	0	0	0	0	0	0	0	0	0	0	0	0	0	0	0	0.000174	0
OTU_530	0	0	0	0	0	0	0	0	0	0	0	0	0	0	0	0	0	0	0	0	0	0.000174	0
OTU_531	0	0	0	0	0	0	0	0	0	0	0	0	0	0	0	0	0	0	0	0	0	0.000174	0
OTU_532	0	0	0	0	0	0	0	0	0	0	0	0	0	0	0	0	0	0	0	0	0	0.000174	0
OTU_533	0	0	0	0	0	0	0	0	0	0	0	0	0	0	0	0	0	0	0	0	0	0.000174	0
OTU_534	0	0	0	0	0	0	0	0	0	0	0	0	0.000174	0	0	0	0	0	0	0	0	0	0
OTU_535	0	0	0	0	0	0	0	0.000169	0	0	0	0	0	0	0	0	0	0	0	0	0	0	0
OTU_536	0	0	0	0	0	0	0	0.000169	0	0	0	0	0	0	0	0	0	0	0	0	0	0	0
OTU_537	0	0	0	0	0	0	0	0.000169	0	0	0	0	0	0	0	0	0	0	0	0	0	0	0
OTU_538	0	0	0	0	0	0	0	0.000169	0	0	0	0	0	0	0	0	0	0	0	0	0	0	0
OTU_539	0	0	0	0	0	0	0	0.000169	0	0	0	0	0	0	0	0	0	0	0	0	0	0	0
OTU_540	0	0	0	0	0	0	0	0	0	0	0	0	0	0.000169	0	0	0	0	0	0	0	0	0
OTU_541	0	0	0	0	0	0.000167	0	0	0	0	0	0	0	0	0	0	0	0	0	0	0	0	0
OTU_542	0	0	0	0	0	0.000167	0	0	0	0	0	0	0	0	0	0	0	0	0	0	0	0	0
OTU_543	0	0	0	0	0	0.000167	0	0	0	0	0	0	0	0	0	0	0	0	0	0	0	0	0
OTU_544	0	0	0.000165	0	0	0	0	0	0	0	0	0	0	0	0	0	0	0	0	0	0	0	0
OTU_545	0	0	0.000165	0	0	0	0	0	0	0	0	0	0	0	0	0	0	0	0	0	0	0	0
OTU_546	0	0	0.000165	0	0	0	0	0	0	0	0	0	0	0	0	0	0	0	0	0	0	0	0
OTU_547	0	0	0.000165	0	0	0	0	0	0	0	0	0	0	0	0	0	0	0	0	0	0	0	0
OTU_548	0	0	0.000165	0	0	0	0	0	0	0	0	0	0	0	0	0	0	0	0	0	0	0	0
OTU_549	0	0	0.000165	0	0	0	0	0	0	0	0	0	0	0	0	0	0	0	0	0	0	0	0
OTU_550	0	0	0	0	0	0	0	0	0.000161	0	0	0	0	0	0	0	0	0	0	0	0	0	0
OTU_551	0	0	0	0	0	0	0	0	0.000161	0	0	0	0	0	0	0	0	0	0	0	0	0	0
OTU_552	0	0	0	0	0	0	0	0	0.000161	0	0	0	0	0	0	0	0	0	0	0	0	0	0
OTU_553	0	0	0	0	0	0	0	0	0.000161	0	0	0	0	0	0	0	0	0	0	0	0	0	0
OTU_554	0	0	0	0	0	0	0	0	0.000161	0	0	0	0	0	0	0	0	0	0	0	0	0	0
OTU_555	0	0	0	0	0	0	0	0	0	0	0.000161	0	0	0	0	0	0	0	0	0	0	0	0
OTU_556	0	0	0	0	0	0	0	0	0	0.00016	0	0	0	0	0	0	0	0	0	0	0	0	0
OTU_557	0	0	0	0	0	0	0	0	0	0	0	0	0	0	0.000155	0	0	0	0	0	0	0	0
OTU_558	0	0	0	0	0	0	0	0	0	0	0	0	0	0	0	0	0	0	0	0	0.000152	0	0
OTU_559	0	0	0	0	0	0	0	0	0	0	0	0	0	0	0	0	0	0	0	0	0.000152	0	0
OTU_560	0	0	0	0	0	0	0	0	0	0	0	0	0	0	0	0	0	0	0	0	0.000152	0	0
OTU_561	0	0	0	0	0	0	0	0	0	0	0	0	0	0	0	0	0	0	0	0	0.000152	0	0
OTU_562	0	0	0	0	0	0	0	0	0	0	0	0	0	0	0	0	0	0	0	0	0.000152	0	0
OTU_563	0	0	0	0	0	0	0	0	0	0	0	0	0	0	0	0	0	0	0	0	0.000152	0	0
OTU_564	0	0	0	0	0	0	0	0	0	0	0	0	0	0	0	0	0	0	0	0	0.000152	0	0
OTU_565	0	0	0	0	0	0	0	0	0	0	0	0	0	0	0	0	0	0	0	0	0.000152	0	0
OTU_566	0	0	0	0	0	0	0	0	0	0	0	0	0	0	0	0	0	0	0	0	0.000152	0	0
OTU_567	0	0	0	0	0	0	0	0	0	0	0	0	0	0	0	0	0	0	0	0	0.000152	0	0
OTU_568	0	0	0	0	0	0	0	0	0	0	0	0	0	0	0	0	0	0	0	0	0.000152	0	0
OTU_569	0	0	0	0	0	0	0	0	0	0	0	0	0	0	0	0	0	0	0	0	0.000152	0	0
OTU_570	0	0	0	0	0	0	0	0	0	0	0	0	0	0	0	0	0	0	0	0	0.000152	0	0
OTU_571	0	0	0	0	0	0	0.000143	0	0	0	0	0	0	0	0	0	0	0	0	0	0	0	0
OTU_572	0	0	0	0	0	0	0.000143	0	0	0	0	0	0	0	0	0	0	0	0	0	0	0	0
OTU_573	0	0	0	0	0	0	0	0	0	0	0	0	0	0	0	0	0	0	0	0	0	0.000139	0
OTU_574	0	0	0	0	0	0	0	0	0	0	0	0	0	0	0	0	0	0	0	0	0	0.000139	0
OTU_575	0	0	0	0	0	0	0	0	0	0	0	0	0	0	0	0	0	0	0	0	0	0.000139	0
OTU_576	0	0	0	0	0	0	0	0	0	0	0	0	0	0	0	0	0	0	0	0	0	0.000139	0
OTU_577	0	0	0	0	0	0	0	0	0	0	0	0	0	0	0	0	0	0	0	0	0	0.000139	0
OTU_578	0	0	0	0	0	0	0	0	0	0	0	0	0	0	0	0	0	0	0	0	0	0.000139	0
OTU_579	0	0	0	0	0	0	0	0	0	0	0	0	0	0	0	0	0	0	0	0	0	0.000139	0
OTU_580	0	0	0	0	0	0	0	0	0	0	0	0	0	0	0	0	0	0	0	0	0	0.000139	0
OTU_581	0	0	0	0	0	0	0	0	0	0	0	0	0	0	0	0	0	0	0	0	0	0.000139	0
OTU_582	0	0	0.000138	0	0	0	0	0	0	0	0	0	0	0	0	0	0	0	0	0	0	0	0
OTU_583	0	0	0.000138	0	0	0	0	0	0	0	0	0	0	0	0	0	0	0	0	0	0	0	0
OTU_584	0	0	0.000138	0	0	0	0	0	0	0	0	0	0	0	0	0	0	0	0	0	0	0	0
OTU_585	0	0	0.000138	0	0	0	0	0	0	0	0	0	0	0	0	0	0	0	0	0	0	0	0
OTU_586	0	0	0.000138	0	0	0	0	0	0	0	0	0	0	0	0	0	0	0	0	0	0	0	0
OTU_587	0	0	0.000138	0	0	0	0	0	0	0	0	0	0	0	0	0	0	0	0	0	0	0	0
OTU_588	0	0	0.000138	0	0	0	0	0	0	0	0	0	0	0	0	0	0	0	0	0	0	0	0
OTU_589	0	0	0.000138	0	0	0	0	0	0	0	0	0	0	0	0	0	0	0	0	0	0	0	0
OTU_590	0	0	0.000138	0	0	0	0	0	0	0	0	0	0	0	0	0	0	0	0	0	0	0	0
OTU_591	0	0	0	0	0	0	0	0	0	0	0	0	0	0.000135	0	0	0	0	0	0	0	0	0
OTU_592	0	0	0	0	0	0	0	0	0.000134	0	0	0	0	0	0	0	0	0	0	0	0	0	0
OTU_593	0	0	0	0	0	0	0	0	0.000134	0	0	0	0	0	0	0	0	0	0	0	0	0	0
OTU_594	0	0	0	0	0	0	0	0	0.000134	0	0	0	0	0	0	0	0	0	0	0	0	0	0
OTU_595	0	0	0	0	0	0	0	0	0.000134	0	0	0	0	0	0	0	0	0	0	0	0	0	0
OTU_596	0	0	0	0	0	0	0	0	0.000134	0	0	0	0	0	0	0	0	0	0	0	0	0	0
OTU_597	0	0	0	0	0	0	0	0	0.000134	0	0	0	0	0	0	0	0	0	0	0	0	0	0
OTU_598	0	0	0	0	0	0	0	0	0	0.000134	0	0	0	0	0	0	0	0	0	0	0	0	0
OTU_599	0	0	0	0	0	0	0	0	0	0	0	0	0	0	0.000132	0	0	0	0	0	0	0	0
OTU_600	0	0	0	0	0	0	0	0	0	0	0	0	0	0	0.000132	0	0	0	0	0	0	0	0
OTU_601	0	0	0	0	0	0	0	0	0	0	0	0	0	0	0.000132	0	0	0	0	0	0	0	0
OTU_602	0	0	0	0	0	0	0	0	0	0	0	0	0	0	0.000132	0	0	0	0	0	0	0	0
OTU_603	0	0	0	0	0	0	0	0	0	0	0	0	0	0	0.000132	0	0	0	0	0	0	0	0
OTU_604	0	0	0	0	0	0	0	0	0	0	0	0	0	0	0.000132	0	0	0	0	0	0	0	0
OTU_605	0	0	0	0	0	0	0	0	0	0	0	0	0	0	0.000132	0	0	0	0	0	0	0	0
OTU_606	0	0	0	0	0	0	0	0	0	0	0	0	0	0	0.000132	0	0	0	0	0	0	0	0
OTU_607	0	0	0	0	0	0	0	0	0	0	0	0	0	0	0.000132	0	0	0	0	0	0	0	0
OTU_608	0	0	0	0	0	0	0	0	0	0	0	0	0	0	0.000132	0	0	0	0	0	0	0	0
OTU_609	0	0	0	0	0	0	0	0	0	0	0	0	0	0	0.000132	0	0	0	0	0	0	0	0
OTU_610	0	0	0	0	0	0	0	0	0	0	0	0	0	0	0.000132	0	0	0	0	0	0	0	0
OTU_611	0	0	0	0	0	0	0	0	0	0	0	0	0	0	0.000132	0	0	0	0	0	0	0	0
OTU_612	0	0	0	0	0	0	0	0	0	0	0	0	0	0	0.000132	0	0	0	0	0	0	0	0
OTU_613	0	0.00013	0	0	0	0	0	0	0	0	0	0	0	0	0	0	0	0	0	0	0	0	0
OTU_614	0	0	0	0	0	0	0	0	0	0	0	0	0	0	0	0	0	0	0	0	0	0	0
OTU_615	0	0	0	0	0.000119	0	0	0	0	0	0	0	0	0	0	0	0	0	0	0	0	0	0
OTU_616	0	0	0	0	0.000119	0	0	0	0	0	0	0	0	0	0	0	0	0	0	0	0	0	0
OTU_617	0	0	0	0	0.000119	0	0	0	0	0	0	0	0	0	0	0	0	0	0	0	0	0	0
OTU_618	0	0	0	0	0	0	0	0	0	0	0	0	0.000116	0	0	0	0	0	0	0	0	0	0
OTU_619	0	0	0	0	0	0	0	0	0	0	0	0	0.000116	0	0	0	0	0	0	0	0	0	0
OTU_620	0	0	0	0	0	0	0	0	0	0	0	0	0.000116	0	0	0	0	0	0	0	0	0	0
OTU_621	0	0	0	0	0	0	0	0	0	0	0	0	0.000116	0	0	0	0	0	0	0	0	0	0
OTU_622	0	0	0	0	0	0	0	0	0	0	0	0	0.000116	0	0	0	0	0	0	0	0	0	0
OTU_623	0	0	0	0	0	0	0.000115	0	0	0	0	0	0	0	0	0	0	0	0	0	0	0	0
OTU_624	0	0	0	0	0	0	0.000115	0	0	0	0	0	0	0	0	0	0	0	0	0	0	0	0
OTU_625	0	0	0	0	0	0	0.000115	0	0	0	0	0	0	0	0	0	0	0	0	0	0	0	0
OTU_626	0	0	0	0	0	0	0.000115	0	0	0	0	0	0	0	0	0	0	0	0	0	0	0	0
OTU_627	0	0	0	0	0	0	0.000115	0	0	0	0	0	0	0	0	0	0	0	0	0	0	0	0
OTU_628	0	0	0	0	0	0	0.000115	0	0	0	0	0	0	0	0	0	0	0	0	0	0	0	0
OTU_629	0	0	0	0	0	0	0.000115	0	0	0	0	0	0	0	0	0	0	0	0	0	0	0	0
OTU_630	0	0	0	0	0	0	0.000115	0	0	0	0	0	0	0	0	0	0	0	0	0	0	0	0
OTU_631	0	0	0	0	0	0	0.000115	0	0	0	0	0	0	0	0	0	0	0	0	0	0	0	0
OTU_632	0	0	0	0	0	0	0.000115	0	0	0	0	0	0	0	0	0	0	0	0	0	0	0	0
OTU_633	0	0	0	0	0	0	0.000115	0	0	0	0	0	0	0	0	0	0	0	0	0	0	0	0
OTU_634	0	0	0	0	0	0	0.000115	0	0	0	0	0	0	0	0	0	0	0	0	0	0	0	0
OTU_635	0	0	0	0	0	0	0.000115	0	0	0	0	0	0	0	0	0	0	0	0	0	0	0	0
OTU_636	0	0	0	0	0	0	0.000115	0	0	0	0	0	0	0	0	0	0	0	0	0	0	0	0
OTU_637	0	0	0	0	0	0	0.000115	0	0	0	0	0	0	0	0	0	0	0	0	0	0	0	0
OTU_638	0	0	0	0	0	0	0.000115	0	0	0	0	0	0	0	0	0	0	0	0	0	0	0	0
OTU_639	0	0	0	0	0	0	0	0	0	0	0	0	0	0	0.00011	0	0	0	0	0	0	0	0
OTU_640	0	0	0	0	0	0	0	0	0	0	0	0	0	0	0.00011	0	0	0	0	0	0	0	0
OTU_641	0	0	0	0	0	0	0	0	0	0	0	0	0	0	0.00011	0	0	0	0	0	0	0	0
OTU_642	0	0	0	0	0	0	0	0	0	0	0	0	0	0	0.00011	0	0	0	0	0	0	0	0
OTU_643	0	0	0	0	0	0	0	0	0	0	0	0	0	0	0.00011	0	0	0	0	0	0	0	0
OTU_644	0	0	0	0	0	0	0	0	0	0	0	0	0	0	0.00011	0	0	0	0	0	0	0	0
OTU_645	0	0	0	0	0	0	0	0	0	0	0	0	0	0	0.00011	0	0	0	0	0	0	0	0
OTU_646	0	0	0	0	0	0	0	0	0	0	0	0	0	0	0.00011	0	0	0	0	0	0	0	0
OTU_647	0	0	0	0	0	0	0	0	0	0	0	0	0	0	0.00011	0	0	0	0	0	0	0	0
OTU_648	0	0	0	0	0	0	0	0	0	0	0	0	0	0	0.00011	0	0	0	0	0	0	0	0
OTU_649	0	0	0	0	0	0	0	0	0	0	0	0	0	0	0.00011	0	0	0	0	0	0	0	0
OTU_650	0	0	0	0	0	0	0	0	0	0	0	0	0	0	0.00011	0	0	0	0	0	0	0	0
OTU_651	0	0	0.00011	0	0	0	0	0	0	0	0	0	0	0	0	0	0	0	0	0	0	0	0
OTU_652	0	0	0.00011	0	0	0	0	0	0	0	0	0	0	0	0	0	0	0	0	0	0	0	0
OTU_653	0	0	0.00011	0	0	0	0	0	0	0	0	0	0	0	0	0	0	0	0	0	0	0	0
OTU_654	0	0	0.00011	0	0	0	0	0	0	0	0	0	0	0	0	0	0	0	0	0	0	0	0
OTU_655	0	0	0.00011	0	0	0	0	0	0	0	0	0	0	0	0	0	0	0	0	0	0	0	0
OTU_656	0	0	0.00011	0	0	0	0	0	0	0	0	0	0	0	0	0	0	0	0	0	0	0	0
OTU_657	0	0	0.00011	0	0	0	0	0	0	0	0	0	0	0	0	0	0	0	0	0	0	0	0
OTU_658	0	0	0.00011	0	0	0	0	0	0	0	0	0	0	0	0	0	0	0	0	0	0	0	0
OTU_659	0	0	0.00011	0	0	0	0	0	0	0	0	0	0	0	0	0	0	0	0	0	0	0	0
OTU_660	0	0	0.00011	0	0	0	0	0	0	0	0	0	0	0	0	0	0	0	0	0	0	0	0
OTU_661	0	0	0.00011	0	0	0	0	0	0	0	0	0	0	0	0	0	0	0	0	0	0	0	0
OTU_662	0	0	0.00011	0	0	0	0	0	0	0	0	0	0	0	0	0	0	0	0	0	0	0	0
OTU_663	0	0	0.00011	0	0	0	0	0	0	0	0	0	0	0	0	0	0	0	0	0	0	0	0
OTU_664	0	0	0.00011	0	0	0	0	0	0	0	0	0	0	0	0	0	0	0	0	0	0	0	0
OTU_665	0	0	0.00011	0	0	0	0	0	0	0	0	0	0	0	0	0	0	0	0	0	0	0	0
OTU_666	0	0	0.00011	0	0	0	0	0	0	0	0	0	0	0	0	0	0	0	0	0	0	0	0
OTU_667	0	0	0.00011	0	0	0	0	0	0	0	0	0	0	0	0	0	0	0	0	0	0	0	0
OTU_668	0	0	0.00011	0	0	0	0	0	0	0	0	0	0	0	0	0	0	0	0	0	0	0	0
OTU_669	0	0	0.00011	0	0	0	0	0	0	0	0	0	0	0	0	0	0	0	0	0	0	0	0
OTU_670	0	0	0.00011	0	0	0	0	0	0	0	0	0	0	0	0	0	0	0	0	0	0	0	0
OTU_671	0	0	0.00011	0	0	0	0	0	0	0	0	0	0	0	0	0	0	0	0	0	0	0	0
OTU_672	0	0	0.00011	0	0	0	0	0	0	0	0	0	0	0	0	0	0	0	0	0	0	0	0
OTU_673	0	0	0.00011	0	0	0	0	0	0	0	0	0	0	0	0	0	0	0	0	0	0	0	0
OTU_674	0	0	0.00011	0	0	0	0	0	0	0	0	0	0	0	0	0	0	0	0	0	0	0	0
OTU_675	0	0	0.00011	0	0	0	0	0	0	0	0	0	0	0	0	0	0	0	0	0	0	0	0
OTU_676	0	0	0.00011	0	0	0	0	0	0	0	0	0	0	0	0	0	0	0	0	0	0	0	0
OTU_677	0	0	0.00011	0	0	0	0	0	0	0	0	0	0	0	0	0	0	0	0	0	0	0	0
OTU_678	0	0	0.00011	0	0	0	0	0	0	0	0	0	0	0	0	0	0	0	0	0	0	0	0
OTU_679	0	0	0.00011	0	0	0	0	0	0	0	0	0	0	0	0	0	0	0	0	0	0	0	0
OTU_680	0	0	0	0	0	0	0	0	0.000107	0	0	0	0	0	0	0	0	0	0	0	0	0	0
OTU_681	0	0	0	0	0	0	0	0	0.000107	0	0	0	0	0	0	0	0	0	0	0	0	0	0
OTU_682	0	0	0	0	0	0	0	0	0.000107	0	0	0	0	0	0	0	0	0	0	0	0	0	0
OTU_683	0	0	0	0	0	0	0	0	0.000107	0	0	0	0	0	0	0	0	0	0	0	0	0	0
OTU_684	0	0	0	0	0	0	0	0	0.000107	0	0	0	0	0	0	0	0	0	0	0	0	0	0
OTU_685	0	0	0	0	0	0	0	0	0.000107	0	0	0	0	0	0	0	0	0	0	0	0	0	0
OTU_686	0	0	0	0	0	0	0	0	0.000107	0	0	0	0	0	0	0	0	0	0	0	0	0	0
OTU_687	0	0	0	0	0	0	0	0	0.000107	0	0	0	0	0	0	0	0	0	0	0	0	0	0
OTU_688	0	0	0	0	0	0	0	0	0.000107	0	0	0	0	0	0	0	0	0	0	0	0	0	0
OTU_689	0	0	0	0	0	0	0	0	0.000107	0	0	0	0	0	0	0	0	0	0	0	0	0	0
OTU_690	0	0	0	0	0	0	0	0	0.000107	0	0	0	0	0	0	0	0	0	0	0	0	0	0
OTU_691	0	0	0	0	0	0	0	0	0.000107	0	0	0	0	0	0	0	0	0	0	0	0	0	0
OTU_692	0	0	0	0	0	0	0	0	0.000107	0	0	0	0	0	0	0	0	0	0	0	0	0	0
OTU_693	0	0	0	0	0	0	0	0	0.000107	0	0	0	0	0	0	0	0	0	0	0	0	0	0
OTU_694	0	0	0	0	0	0	0	0	0.000107	0	0	0	0	0	0	0	0	0	0	0	0	0	0
OTU_695	0	0	0	0	0	0	0	0	0.000107	0	0	0	0	0	0	0	0	0	0	0	0	0	0
OTU_696	0	0	0	0	0	0	0	0	0.000107	0	0	0	0	0	0	0	0	0	0	0	0	0	0
OTU_697	0	0	0	0	0	0	0	0	0	0	0	0.000101	0	0	0	0	0	0	0	0	0	0	0
OTU_698	0	0	0	0	0	0	0	0	0	0	0	0.000101	0	0	0	0	0	0	0	0	0	0	0
OTU_699	0	0	0	0	9.54E-05	0	0	0	0	0	0	0	0	0	0	0	0	0	0	0	0	0	0
OTU_700	0	0	0	0	9.54E-05	0	0	0	0	0	0	0	0	0	0	0	0	0	0	0	0	0	0
OTU_701	0	0	0	0	9.54E-05	0	0	0	0	0	0	0	0	0	0	0	0	0	0	0	0	0	0
OTU_702	0	0	0	0	9.54E-05	0	0	0	0	0	0	0	0	0	0	0	0	0	0	0	0	0	0
OTU_703	0	0	0	0	9.54E-05	0	0	0	0	0	0	0	0	0	0	0	0	0	0	0	0	0	0
OTU_704	0	0	0	0	9.54E-05	0	0	0	0	0	0	0	0	0	0	0	0	0	0	0	0	0	0
OTU_705	0	0	0	0	9.54E-05	0	0	0	0	0	0	0	0	0	0	0	0	0	0	0	0	0	0
OTU_706	0	0	0	0	9.54E-05	0	0	0	0	0	0	0	0	0	0	0	0	0	0	0	0	0	0
OTU_707	0	0	0	0	9.54E-05	0	0	0	0	0	0	0	0	0	0	0	0	0	0	0	0	0	0
OTU_708	0	0	0	0	0	0	0	0	0	9.35E-05	0	0	0	0	0	0	0	0	0	0	0	0	0
OTU_709	0	0	0	0	0	0	0	0	0	0	0	0	0	0	8.83E-05	0	0	0	0	0	0	0	0
OTU_710	0	0	0	0	0	0	0	0	0	0	0	0	0	0	8.83E-05	0	0	0	0	0	0	0	0
OTU_711	0	0	0	0	0	0	0	0	0	0	0	0	0	0	8.83E-05	0	0	0	0	0	0	0	0
OTU_712	0	0	0	0	0	0	0	0	0	0	0	0	0	0	8.83E-05	0	0	0	0	0	0	0	0
OTU_713	0	0	0	0	0	0	0	0	0	0	0	0	0	0	8.83E-05	0	0	0	0	0	0	0	0
OTU_714	0	0	0	0	0	0	0	0	0	0	0	0	0	0	8.83E-05	0	0	0	0	0	0	0	0
OTU_715	0	0	0	0	0	0	0	0	0	0	0	0	0	0	8.83E-05	0	0	0	0	0	0	0	0
OTU_716	0	0	0	0	0	0	0	0	0	0	0	0	0	0	8.83E-05	0	0	0	0	0	0	0	0
OTU_717	0	0	0	0	0	0	0	0	0	0	0	0	0	0	8.83E-05	0	0	0	0	0	0	0	0
OTU_718	0	0	0	0	0	0	0	0	0	0	0	0	0	0	8.83E-05	0	0	0	0	0	0	0	0
OTU_719	0	0	0	0	0	0	0	0	0	0	0	0	0	0	8.83E-05	0	0	0	0	0	0	0	0
OTU_720	0	0	0	0	0	0	0	0	0	0	0	0	0	0	8.83E-05	0	0	0	0	0	0	0	0
OTU_721	0	0	0	0	0	0	0	0	0	0	0	0	0	0	8.83E-05	0	0	0	0	0	0	0	0
OTU_722	0	0	0	0	0	0	0	0	0	0	0	0	0	0	8.83E-05	0	0	0	0	0	0	0	0
OTU_723	0	0	0	0	0	0	0	0	0	0	0	0	0	0	8.83E-05	0	0	0	0	0	0	0	0
OTU_724	0	0	0	0	0	0	0	0	0	0	0	0	0	0	8.83E-05	0	0	0	0	0	0	0	0
OTU_725	0	0	0	0	0	0	0	0	0	0	0	0	0	0	8.83E-05	0	0	0	0	0	0	0	0
OTU_726	0	0	0	0	0	0	0	0	0	0	0	8.08E-05	0	0	0	0	0	0	0	0	0	0	0
OTU_727	0	0	0	0	0	0	0	0	0	0	0	8.08E-05	0	0	0	0	0	0	0	0	0	0	0
OTU_728	0	0	0	0	0	0	0	0	0	0	0	8.08E-05	0	0	0	0	0	0	0	0	0	0	0
OTU_729	0	0	0	0	0	0	0	0	0	0	0	8.08E-05	0	0	0	0	0	0	0	0	0	0	0
OTU_730	0	0	0	0	0	0	0	0	0	0	7.30E-05	0	0	0	0	0	0	0	0	0	0	0	0
OTU_731	0	0	0	0	0	0	0	0	0	6.68E-05	0	0	0	0	0	0	0	0	0	0	0	0	0
OTU_732	0	0	0	0	0	0	0	0	0	6.68E-05	0	0	0	0	0	0	0	0	0	0	0	0	0
OTU_733	0	0	0	0	0	0	0	0	0	0	5.84E-05	0	0	0	0	0	0	0	0	0	0	0	0
OTU_734	0	0	0	0	0	0	0	0	0	5.34E-05	0	0	0	0	0	0	0	0	0	0	0	0	0
OTU_735	0	0	0	0	0	0	0	0	0	5.34E-05	0	0	0	0	0	0	0	0	0	0	0	0	0
